6144
1983
1904
2131
6979
5974
6240
9395
9524
4641
1932
8755
6356
5074
8299
9545
7161
6926
1229
7384
1130
1160
3329
7850
7440
5996
7186
6873
6746
2900
3617
3098
5467
6042
4415
4150
6143
987
849
6038
9531
8356
5814
8443
4657
1580
6020
5000
3955
622
5358
316
7759
5489
5426
7695
5576
8885
750
5305
2869
3789
8707
6089
3091
8627
5698
9481
1974
6108
4243
4572
5404
2922
6901
4944
7378
9288
2607
5862
9377
2581
5413
986
7520
8544
8007
2609
7453
5772
9315
9135
1989
1120
7402
3251
3808
2206
6095
1503
5115
2333
2172
7399
4845
1334
5471
3541
2619
6504
8338
3847
2023
2920
1464
7254
482
9112
1171
3619
2466
3922
9235
1424
6351
8258
3049
4585
2856
7918
569
5293
1907
9938
7054
8541
4641
9244
1719
6607
5919
657
5807
8543
8937
8394
4506
1923
3721
5710
1228
5050
6141
8381
7236
3488
4967
1015
1733
1904
7997
2663
7589
4839
6545
6287
414
6224
9595
7025
5313
3650
3634
2599
3867
2258
219
7599
3728
4438
9400
6039
3924
6856
1137
4561
8649
7059
6111
355
1906
8221
5765
9693
9157
16
8778
1512
5071
5766
4721
2872
6962
1921
3658
4045
8410
7845
9649
8956
1117
7843
4707
7925
7408
8978
3249
8193
3174
876
2542
5625
1907
4930
850
4918
8287
3517
2353
9296
3383
9155
1446
5125
3693
1681
2472
233
5727
5099
8303
8836
6309
1885
2640
2637
5796
2493
6931
817
799
1648
1254
143
2734
9173
7770
9539
3975
2130
2651
6349
776
329
605
909
9110
6614
2130
302
7439
8248
2425
5180
1740
697
7216
8739
8947
9132
7562
3573
7001
9442
2315
1896
8693
6153
8384
5578
7263
546
6955
2385
8039
6349
4044
7764
4530
8643
5452
63
8686
3904
6995
3015
7783
6491
8857
2779
963
6659
3370
2882
4583
2040
9410
5655
6957
2578
7095
5966
7517
2482
134
8930
9720
6020
3942
7004
2259
4509
9257
8978
5312
7399
8017
4650
4665
2422
4063
7945
3942
4502
2086
5244
1966
8179
2286
2914
409
7765
4741
6580
6132
2310
9440
386
8702
3457
4399
5484
5423
3096
8654
6681
5257
402
7927
823
6262
527
4309
2128
4241
7945
7380
3110
2705
8010
3620
1467
5743
7748
7325
4735
2344
9537
2828
8390
4062
8295
9675
4613
1562
9799
4766
4665
9628
5155
3242
4645
5955
8826
3968
9494
215
7985
4615
820
4163
5135
2248
2823
7681
5173
1683
7731
942
8392
5582
4914
3340
2604
7646
6845
3846
8127
1630
9399
4590
944
9916
3909
5427
9978
4483
8750
702
8929
2611
1483
8363
9511
5533
74
5620
3131
5994
4213
6665
9183
3980
5002
796
4436
2492
4823
5001
6580
3009
2357
1043
1644
946
6077
9994
4388
9587
3035
4040
2476
6620
398
8330
2885
3384
9128
44
2890
8984
8409
6861
7721
8199
9074
8194
785
3545
9880
4374
6281
2844
3256
1343
6443
4385
7985
524
3099
292
7458
6074
5896
950
7537
7446
4958
8700
7701
3245
5702
3152
3409
3535
859
1461
4046
8993
25
665
3203
2306
1187
1155
1140
9478
3537
3595
4692
5534
7029
5513
952
5048
1400
7397
7513
2658
5862
4190
9429
1578
3907
4806
9219
1889
6568
4634
6722
8591
9966
4832
813
2112
4582
3449
9740
859
9570
9813
4826
2579
2340
5174
7663
9942
6657
2253
2249
4210
2065
2657
2092
2024
5045
8126
9027
3673
2837
6249
2353
1614
7286
6210
393
7604
9909
1122
438
3811
8531
4116
7768
4415
5676
6240
780
4887
6629
1138
5606
8299
9410
137
8254
283
6465
7916
8228
9723
6518
695
8177
802
820
2835
43
1746
2357
7251
9621
2562
3686
2634
9089
6214
8370
2171
9539
4320
3850
1336
4483
8128
3357
7100
1902
471
7274
9908
4506
9193
6527
8167
6708
2817
9740
2311
776
158
9497
2304
7292
6267
2497
3069
6202
2141
3210
4234
1368
6789
4482
7491
4453
3301
2584
1420
4674
7296
4435
9882
9850
7993
2403
9150
6719
7517
3842
7650
5395
93
2551
1724
6433
2500
6455
8911
8486
2039
3832
6497
3694
9626
3763
344
4703
6799
5317
1437
9020
3353
6339
8450
8903
127
3575
7951
3975
6059
2363
8952
3009
8850
6705
7083
9958
7583
8492
8614
6681
8424
319
6069
7115
6866
8176
5865
213
1105
6329
7956
4609
5383
6731
6416
1142
253
3982
9007
4238
5039
3962
4637
9925
7794
5835
5330
2896
8561
1541
7061
6888
9941
8244
4442
2818
6019
7821
3099
9596
7327
183
8084
8965
3758
1664
6872
4922
9033
5645
8466
5913
3229
770
8518
3348
4735
6970
6325
1475
7678
9380
95
8294
3233
3098
6787
5014
6447
1999
4162
9223
893
2564
8146
2157
929
5863
6798
8871
3334
8408
4075
8732
1529
6185
69
7936
159
226
3879
4467
4713
8511
9594
9159
8704
5462
469
4925
4715
392
5650
7610
8352
5972
194
8555
3238
9394
8230
8802
1112
5107
4942
7483
6454
498
6895
5168
54
8487
7661
6980
8184
2312
7945
176
8214
7788
7043
3417
1546
5582
8560
4330
8858
7018
2998
9939
6015
3767
3397
8446
1972
2785
4064
7193
6025
9330
6745
21
6102
6076
7914
8394
9933
5
2127
7845
5720
288
5234
7775
5746
7636
558
1755
2306
1051
2181
11
1233
6441
8605
9232
7933
1223
1669
8892
7174
8011
3605
1413
2613
6
4563
7209
7645
9529
9090
2649
921
4661
8341
9139
9733
846
418
7808
5785
8251
225
502
1280
1244
3859
9291
8935
5752
384
4935
1216
8898
6872
7252
5270
9272
8187
7333
6155
8056
7893
6176
4782
575
6273
4889
5688
7136
7502
6957
3861
573
2927
2216
8799
8964
6635
819
3958
9017
6757
1261
3421
860
3783
9589
2974
6727
5511
7633
4925
71
9628
6686
6297
2820
7417
757
2367
8910
5175
3158
1897
422
8434
6724
1716
9254
7866
3709
8767
7278
6361
9348
5231
876
2212
1692
687
8999
2987
6579
5253
4840
4922
1992
5728
1078
8786
8011
8061
6685
8450
3744
4825
2745
1774
7584
3505
8245
3842
6716
213
6346
4304
1310
9771
6870
5669
8734
1599
5339
4074
4733
9880
3345
7461
530
838
9562
4240
9295
1400
751
2849
1615
1802
7916
9401
8558
7707
2884
5737
3141
6092
3954
1213
8352
1636
894
7020
8766
7713
9113
6376
5860
6106
8117
7792
8111
5952
7379
1797
5076
3826
3978
6442
5669
9951
2625
7204
4195
4981
8281
5985
3915
2633
4586
7333
5198
1040
3417
8879
7184
9626
2674
714
2365
7646
2664
6799
3683
5904
9702
920
4288
1680
8641
5104
1305
7516
7100
1382
7155
3461
823
5119
738
2943
2373
8443
5980
3057
4441
5424
4185
269
429
2755
1098
6234
2862
8518
770
924
615
8875
7205
7253
5336
3526
2924
1765
210
6416
850
701
2546
9800
4863
2146
7528
7188
4222
3116
4788
6421
2188
7838
7980
8344
7152
5728
9691
9913
8050
7351
8521
5187
2649
4983
4035
4050
2740
6991
9127
4969
5188
5410
2095
8718
4853
3478
5303
1635
8056
9349
4204
6193
1662
9857
4868
4221
5315
3269
2180
1884
9940
230
529
707
5662
952
5462
3126
5237
6445
527
5826
2909
7944
9760
3351
6473
9312
4838
189
4942
4832
5991
327
1378
203
7992
6901
3031
9164
3451
6163
7406
7964
4803
3823
7497
4141
6374
6424
754
2611
5405
4578
97
5171
5467
102
2494
5843
5128
4677
1491
3984
1161
8285
9901
5375
4973
7893
3983
6651
758
866
4179
3565
8370
3996
3502
9914
7046
9803
8255
2230
2726
3419
6340
3158
3411
6478
7208
4467
881
4256
5757
7914
5588
902
562
81
2791
9776
7521
9444
6600
4638
8600
3373
1011
4318
3313
9842
6313
3395
2752
7897
3037
5313
825
8822
8956
5013
1932
5061
4550
8434
6254
5810
8333
1094
3077
309
3529
9563
9647
9164
6661
9321
2768
5889
1770
2216
3414
4715
8693
4387
3674
9824
9160
3769
2678
9399
8410
6622
9677
9595
955
6446
4396
2444
4025
2289
2427
9232
9992
9273
5391
7847
8017
2296
2719
908
858
1071
241
4695
8238
2913
7889
8767
360
8855
5469
8989
4705
6300
6224
4011
7268
1032
137
4556
8171
4522
1415
5317
7608
6495
4499
3033
4849
6399
506
3362
3112
9030
5654
3739
6358
1920
152
1819
1844
5870
5844
4811
1494
5557
6840
7593
996
2341
5370
6869
5590
2727
3454
5848
9724
5808
9457
8885
2791
5730
6356
984
6840
3330
5656
2795
5314
9460
9843
4775
5966
4978
7261
5943
9372
700
7514
6263
5088
3529
6195
4412
2720
7403
6195
3598
4601
3841
2235
3408
8905
8358
850
1265
701
870
4189
6442
5799
369
8903
1143
1467
8088
4333
3651
7942
1637
5481
8667
9276
9063
7400
693
7629
1002
4442
4442
7811
8837
7014
6414
2986
6541
4599
9537
3148
8759
5703
1965
5592
8347
8759
7599
654
1972
2152
9619
7178
995
6969
761
5835
7556
2989
420
3775
6696
5800
1648
6205
1969
5286
4403
6382
9388
7000
9052
840
9481
924
1864
4073
7686
8327
8788
2972
8761
9858
3885
9211
1052
5183
4131
7938
8243
934
2668
4316
2985
8304
2997
5404
2344
1519
7954
3913
3976
7768
8535
5975
8606
5038
7855
2526
6214
1260
5049
4633
1740
4735
4435
2126
4627
9150
5535
3237
9160
2903
4818
8390
4081
791
8219
6275
111
2021
3457
9647
9715
6859
3621
3530
5373
18
1014
8283
3295
1305
8547
3689
7568
5011
987
1477
1900
3626
2864
2871
4505
3747
8954
4995
2740
7008
4680
9400
3130
8955
9922
1317
371
1638
6586
2840
8504
7484
5296
197
6341
5155
4084
9407
2986
4129
9479
166
1323
7288
9626
5709
2743
9616
664
9094
9686
8943
9728
8525
6460
5799
2026
3054
6490
4188
3610
6371
2195
4880
7202
6190
8732
8941
2914
5199
5117
79
875
5091
7268
1851
4098
3418
7561
6640
6784
5187
6299
5657
9525
9302
3529
1467
9180
3117
1966
8705
8570
2832
995
306
3280
5660
24
3980
3937
5039
4494
6191
6909
4994
827
7720
6859
4419
2256
7432
7301
2174
5911
6737
4557
9720
934
6829
5294
7368
9121
6202
4365
7491
9308
662
9310
3138
8253
8867
8835
7889
4384
7943
8367
1302
7476
3266
4889
4076
7923
861
3500
3100
3647
5852
7019
4055
6935
6367
98
1122
1577
8475
2535
4111
2625
3039
5440
6804
64
3526
3662
6570
3784
3929
4918
2995
7763
638
8641
1193
8724
8689
4857
7824
5813
6221
1236
8391
1567
3862
5629
9712
8344
1142
4061
2217
6087
8483
8537
1782
3059
7034
8005
989
2121
4602
998
7182
7692
3439
3781
6029
8119
7385
2048
7053
4318
5240
7850
7083
579
647
8867
7300
1236
5954
3042
4212
9233
9941
9550
2060
4907
7266
5196
3103
7624
3422
7011
8153
6595
1753
2267
3805
3265
1257
5188
6601
3214
7378
2803
1608
38
3284
471
3460
4320
400
3322
7829
3620
7048
2547
9899
1964
3378
3624
8948
233
7657
1056
9578
5645
3633
919
6076
6581
1701
8186
2871
2154
814
7378
7649
9229
4642
7791
18
3983
1062
6233
4784
3923
4289
2539
3733
1131
1999
9212
2399
7103
7823
1378
2340
3852
1226
6491
303
3736
8720
9142
2348
9268
4113
332
8219
6235
1812
1261
9060
2935
1560
6692
3816
9075
8692
9452
4640
7450
8141
6172
6005
894
5012
5821
9163
4709
6073
7309
1882
3390
6672
5100
9482
9073
4878
1908
4074
2501
5536
8726
4029
8331
7064
414
9123
8775
6310
5464
3055
3183
2399
4460
4490
779
7804
7413
4883
3964
4449
3408
8832
5930
1464
144
470
1686
7497
62
8402
2910
2825
6797
4818
6671
8701
4076
6690
36
2825
2020
6758
6268
1113
9153
4385
8810
9770
1422
7152
6150
4710
1225
4487
5985
1851
7845
8133
6117
9223
3982
566
3083
146
1896
7589
7286
3688
9296
4268
2749
2002
7636
8170
3910
1999
5454
5391
4414
1972
2315
3735
2373
2797
4090
5536
7446
5966
1520
8090
2180
7228
6985
5067
4767
6289
1161
4124
8134
6319
8624
7475
4343
2852
7131
5741
4610
5318
1287
696
3563
5228
305
1994
6734
1497
1049
8082
4029
2758
7077
8873
4581
3866
7778
2260
2223
3896
213
5081
4642
6438
2639
9420
2517
4645
6127
6421
8018
9698
9985
2543
7703
8200
5908
8623
3190
1647
7706
799
4364
8661
1912
7798
4814
3047
1917
1590
9407
8797
1728
8066
2750
8751
6354
8346
9900
1448
8034
8564
7836
6198
2319
8649
1939
9834
4216
8857
2799
8850
2687
5291
3300
1072
8973
9830
1585
1159
5279
6581
1666
4482
8157
6090
414
6945
3083
674
5840
7344
9833
9568
7123
4326
9573
4809
7590
8567
8944
5932
1423
3894
8030
2620
7883
5163
8887
5979
2564
5325
8666
1396
4716
7084
7970
6245
8710
9565
7616
5592
3636
243
6695
3948
6522
8054
4199
8229
4801
3059
2546
5436
6984
9632
9642
2420
6837
8442
8891
4571
8442
941
3493
6456
5426
3615
3329
663
3418
3289
8612
1391
9628
9059
9986
3437
439
4731
570
2574
9659
9810
7040
5438
2464
6147
6280
6440
8230
2305
1709
9336
4662
7356
353
3861
696
2591
351
8501
9598
4569
9484
7132
8541
1381
5052
9285
716
9529
2369
1995
3941
9480
5374
8676
6825
7796
4954
4667
9840
3092
416
2264
2638
2829
2452
4446
849
7920
799
3858
9478
9344
4859
6867
3387
1678
7802
5769
847
1715
3728
7678
438
7385
6338
7012
1545
5830
1206
7634
3114
7430
5834
447
6869
3172
7328
2073
5841
5989
4599
3905
2518
322
2693
8247
3513
8224
9184
9422
2403
4701
4300
3372
7136
8232
5406
6049
9666
1950
6752
6849
8054
3565
5437
511
9790
2246
604
5895
8558
6148
9193
120
418
564
2094
5581
6268
7872
5874
2295
8220
4395
4424
1689
5207
2203
5496
3775
1402
1086
3754
3163
3464
7659
3854
1517
639
3559
7209
2447
3625
3440
8778
1610
782
9913
4907
9977
6807
5890
3331
9064
3341
8499
8824
8424
6816
6213
8241
450
3076
9709
8362
2325
837
4454
417
7326
8395
1833
1933
9475
4392
1900
9566
8716
3967
9749
6655
286
7871
9049
6824
2757
3660
2214
4864
4958
8479
3817
2352
2382
8147
2412
2627
8594
65
7360
8169
4597
6982
8387
5563
4183
7055
3885
3033
3424
6567
4109
2190
5729
1351
4731
7653
3378
3948
8682
5685
7726
7895
3004
2616
6952
7933
2145
9337
2712
8671
6558
6412
3093
3604
8358
7639
8513
9425
5368
5198
9932
107
68
5165
3781
3476
6923
3694
5156
9249
4882
1674
9421
6332
6274
444
7058
3461
2496
3473
7929
4755
6532
6460
1620
9337
3512
6694
8947
7795
5375
1186
7426
7183
7199
1391
7040
1785
940
2310
4926
1071
4963
9395
4559
19
1312
2369
4930
671
9020
3742
8633
6162
7958
9998
6134
9209
6893
6971
2417
6425
7879
6761
1384
2808
6289
1432
8180
4779
8692
7714
6307
458
3504
1685
3127
6016
5832
8315
9947
7695
5209
6276
9741
7952
1864
7125
5501
2775
4935
4522
6736
4437
5940
5959
6017
504
6319
9788
6469
1597
5365
8807
5145
9638
925
6019
7659
870
5599
6749
7585
4536
1404
8408
441
3264
5182
6871
3775
3241
2252
7079
772
3454
58
7583
1585
6308
5979
8848
1560
8836
8548
7814
1555
4071
9647
5937
268
5514
1336
4333
6968
8480
2680
2716
7889
1671
1531
6582
7534
7890
1168
2359
913
9798
3501
7799
4877
9409
876
6599
1537
2932
6886
2246
2294
5905
3210
7091
1233
3887
7865
4205
5893
954
626
3990
7960
1864
1509
4599
2448
9079
406
7437
4698
5809
8064
4289
2535
6913
7972
53
4596
8736
7517
9273
7156
4184
8160
5406
2124
2266
4709
6882
1754
8362
1516
2682
6771
7112
5375
8286
5720
8170
9218
4669
1428
3716
457
2866
261
9034
9239
8910
4980
3660
3998
5445
5571
6336
6071
5397
3186
5150
9999
6272
1709
4372
8125
5050
6678
6122
9020
750
4234
2864
6329
8812
1011
9683
6411
6589
4170
158
3625
6567
9846
1661
4892
8699
8165
189
9139
4124
7974
4560
4909
2762
3329
4284
3591
8860
212
3027
7745
2797
6698
173
7839
4205
9786
8529
9065
7336
6954
3043
1743
6899
4029
4551
9069
9362
1232
9971
631
7191
2365
2115
1377
1430
4490
9094
7982
9284
7554
7238
3315
3821
8781
5493
7238
6804
1758
7683
2376
693
1609
7131
3469
2982
3855
2333
6260
9917
5351
951
9735
4027
7867
7484
7537
9206
2812
1638
6790
5076
6659
9720
3284
8627
8597
4620
8980
6405
2338
3692
5965
1673
3739
1756
1909
645
4381
2628
7156
1743
430
891
1256
7915
5907
5838
7503
2575
8924
4193
3188
2130
5852
4668
3737
1426
3432
4567
7677
5349
2908
7024
1466
9032
5892
4409
2045
9363
2862
63
1347
1709
8554
3668
653
8011
5354
734
624
2340
1980
7337
3036
7297
9073
7479
3350
2240
329
152
5571
247
6125
6724
5732
4997
7769
7541
4921
2580
4004
6514
3971
2075
7965
7942
2043
1648
1956
8832
5912
9995
4418
5683
7296
4181
69
957
8975
8463
2508
6436
4573
7487
4764
7820
9183
2789
5757
8550
7324
9965
8484
9555
5626
2829
6365
9878
4372
8493
7492
9095
2411
86
1793
6627
4503
8259
7358
9569
1735
6260
7077
7184
2092
6226
3051
8715
9119
4829
4564
7471
7962
5312
7985
803
5578
9350
6541
7142
8671
534
7887
8295
157
7018
9964
5149
626
1262
7181
9239
9108
2531
4665
5390
1446
4339
9775
5798
1015
7102
4786
9619
3720
3811
1600
6137
3640
9675
8481
6139
3470
6752
3993
1125
5313
555
2778
4342
759
1242
5481
6132
5753
3056
5066
9843
7823
9030
4843
4385
3837
4095
555
3240
6873
3066
5109
6743
9944
6144
4637
6874
4005
2413
1205
8373
8477
1164
4508
96
7385
955
1508
4492
6681
4862
2110
2932
7994
5935
5716
1470
1444
4467
7715
2097
3330
6183
804
6497
5134
9481
5445
6453
2424
4259
2696
8762
8227
2307
8087
5296
2221
6518
7619
3602
1881
4770
7112
4355
3707
1939
6350
8468
9087
941
3967
7538
6422
5920
880
5724
6702
9018
3405
8466
9884
3830
6886
3449
9609
1618
1872
747
999
2622
8137
5563
3278
8512
5324
7974
2471
6485
6141
6565
339
2706
9409
6575
3481
9128
3517
331
8444
8054
6474
4643
1413
4792
1362
7829
6913
3630
3002
6547
6409
3303
5211
9482
5034
6028
6382
9151
2017
8489
4084
4901
1941
7558
6479
252
672
9428
4977
35
4171
2658
959
3214
1846
5839
2801
6818
9633
2202
2953
7629
9401
3046
5501
8244
3362
1929
451
2404
9453
4323
920
6777
5559
1964
4748
2493
6142
2070
3566
2904
9265
3842
80
1429
4531
4750
6854
4870
7179
7324
5217
4078
3227
7086
8578
9932
618
7549
2013
1431
1392
7880
7692
1381
8158
873
3228
3014
488
3380
2456
8989
5408
9402
8385
8430
8272
4378
7943
6626
9604
3382
3286
7496
7601
9219
8735
5479
790
7210
3954
3102
8638
9003
277
5436
2110
5442
7668
3419
4593
7794
1413
3926
4110
205
70
7692
9874
5333
5110
4077
2496
5453
9820
5937
1154
4345
3096
9080
3738
1620
1044
988
8329
7521
2215
5778
2155
505
1702
5472
5726
9602
7623
2440
7997
9664
3971
8050
2221
9653
7911
3657
6931
7061
5304
4619
2095
7573
6784
1316
4474
8193
3721
276
8887
8476
3509
7260
6569
7266
6520
2553
7361
1226
4371
9239
9954
4951
4349
8774
4180
8334
6607
2298
896
8657
9645
9932
3534
8058
1692
3022
9433
3891
8564
9404
4044
8370
5844
7118
8828
9379
9917
3418
1857
781
6108
6038
8273
3286
4695
8747
8875
6450
7666
2741
5773
407
8670
1111
5251
1292
3120
1179
2253
3248
7306
359
6155
6246
8488
8315
9831
8702
2104
8071
4015
2655
6903
1514
9518
7137
3684
1461
3783
5543
7348
5901
2525
7321
1937
7647
1057
3296
9199
14
6536
666
5117
5705
9544
2141
4948
6520
3456
2696
8080
7828
9393
4549
4215
1030
6589
3675
3210
7767
1899
1824
600
9671
4707
2476
5178
1930
1548
9608
1838
348
5551
2485
1203
8869
296
9434
9501
5240
5241
5141
390
9381
5387
9282
1714
2815
2738
3017
7741
7271
1083
2722
8851
5847
9301
7172
2427
8427
3513
4554
7617
8057
6903
4279
7726
5617
8910
5633
9063
0
6296
4840
6703
6575
9632
4138
938
5928
3361
9087
3871
4520
8124
8991
7704
1600
837
9860
8201
5269
6491
9642
8443
1464
6018
1426
9156
6080
6575
454
3989
7971
7631
1303
1424
4420
3076
7554
2819
8070
6573
9137
6613
3150
977
4477
1772
9078
648
2273
1113
3454
1398
4122
401
6093
3797
459
6424
7158
6190
7054
8684
3942
6067
6516
5627
9881
4956
2525
3715
8140
4268
8594
3300
2941
6671
8607
7523
1310
1986
543
3070
9257
79
9280
4119
1182
5652
982
5023
4407
7951
6907
4912
8908
568
6532
230
6786
7851
7359
1163
8511
5600
7400
447
233
5497
4650
6913
5420
6743
8930
8972
1562
4905
288
7792
5180
1187
9175
3451
5367
3207
7716
5732
2426
962
2667
8420
9268
3701
3020
6866
3810
15
6133
6474
8550
4515
9073
8089
5795
1691
2318
8343
2405
6729
9084
6449
1389
7030
1057
5601
2250
4761
2378
4845
4755
4517
9932
4842
6625
9087
7129
1274
2378
2699
4573
89
7176
1122
184
9711
792
2546
5782
3811
1486
1938
234
8333
1509
6656
7338
1606
660
3690
2755
3983
9116
6661
1308
6874
2127
8637
6185
5400
3979
8761
6406
1824
2643
2026
9635
4105
6814
3216
3871
708
2136
5977
6045
1993
9447
6199
4244
3565
5913
2477
7202
7341
3865
1318
192
4425
7824
3233
8096
6944
9368
2413
2
8531
8987
8893
631
5785
7690
5449
5069
8799
4905
9745
3721
9673
8456
2525
659
4330
3501
7494
6539
3244
2765
4571
4217
1820
5193
2705
7650
1749
8949
4059
8055
1847
2932
1169
6167
7060
479
3664
6916
7143
9764
8686
19
8705
7579
4728
3005
3873
9860
5914
1091
143
7196
5114
782
9142
3423
7777
5684
6060
8567
4279
1527
6095
8530
1786
3031
7245
8466
3019
1848
4608
5117
2997
1454
8260
6021
9642
4532
3174
5522
204
8861
1612
9979
3557
2177
6619
948
6628
6857
3160
866
3701
5974
7327
1449
1115
6908
2473
5046
6172
7212
9870
4489
5113
3902
8567
8585
7128
5197
8526
5868
2465
2077
2964
190
6769
6072
4687
3694
1534
8293
3518
2841
840
8666
987
9886
2872
5816
6412
336
6120
7893
5301
4602
1839
3288
8317
108
327
3116
6059
8724
7292
3927
6878
7960
5411
5605
8982
6560
3764
8589
9314
5312
1238
7125
8823
6067
4614
1953
9001
1379
4899
4871
3049
5605
2937
942
1836
7058
7433
6725
5747
1455
7185
8256
636
4606
1213
6588
8437
7021
3145
2404
2472
477
4561
8476
1719
5325
7352
3755
2197
3188
242
982
5007
926
1662
3830
661
7438
7635
5691
9273
2065
6485
3915
6963
8275
4756
8915
5342
3867
7650
4350
723
6657
3007
5619
2720
2928
8131
4472
3044
6215
2695
4501
4969
9273
8912
2148
5967
9620
9384
5236
4673
8159
8795
1260
6
9516
4620
2364
6759
3453
9538
1296
8120
4098
3074
5150
436
5905
5242
4622
9161
6415
8678
617
7389
1674
7571
5306
5260
7593
3774
274
8495
2491
3752
9656
4091
6828
5401
5676
5315
8390
2333
2076
8042
6884
8767
4000
8185
6146
3697
2832
8729
5392
4261
3686
6558
2549
5067
3662
8161
4321
7544
4602
8248
8138
4703
8881
4915
1320
6159
23
278
108
9896
2920
6190
491
7098
4046
6210
8504
3341
4083
312
2191
3799
4544
5088
6639
573
2147
6465
3279
6601
9087
734
4161
2900
1549
3397
4867
1249
2097
1668
194
2678
1224
4184
9113
4199
5564
5043
9352
9921
1882
7049
704
2944
8603
3640
3738
429
2350
3281
2695
4711
2199
4199
626
8012
1312
6675
6562
773
8893
7473
6556
3244
446
4091
7685
4682
5822
6545
948
1633
7833
2577
486
5699
6298
7368
8219
4686
2033
6453
3374
6212
7652
5414
5075
4331
8429
690
5368
1645
3057
4722
3774
4637
9712
1804
9201
8775
8408
670
3570
258
548
1316
2246
4774
9730
5382
9191
8100
3106
9168
5576
3094
8043
7055
2118
5187
8295
2757
3770
1807
8031
3658
1099
5997
6417
6623
6609
1890
8637
9792
5332
2488
5600
9541
9571
5291
4487
8676
9088
6835
4197
2279
1368
5151
191
838
8945
6458
8405
1121
4924
5053
7419
8605
2633
5617
9894
2648
6490
79
2274
1577
3296
3958
3055
4473
9793
3431
237
2024
6428
7856
860
2734
5091
9908
7414
5535
1126
1236
840
1802
3505
6428
5099
8158
6219
7724
4305
5306
6351
6161
7755
8479
7800
2528
4168
5091
1094
2078
279
6229
7117
1199
7693
3849
8348
345
5138
2511
9051
1700
2390
1476
1949
9872
3185
308
5461
9283
8264
8745
9125
798
7132
2133
3490
3450
9292
6377
3331
6116
1626
8800
6281
1411
4299
9803
5000
5778
2760
9913
3714
5678
2898
5890
6613
9261
5218
5120
2091
5113
9903
1323
4928
4232
3224
8959
5457
3657
5905
8925
7823
5421
6746
4987
8514
9984
4235
1032
1498
4323
8716
6016
2065
6071
288
9720
397
8055
6386
6823
8881
5858
3256
8050
6499
276
5492
8786
6536
4417
4202
9283
7196
3981
9483
4540
6078
8715
5919
3974
2759
5807
5442
410
7371
8482
309
8316
8808
5042
725
3454
9259
5907
105
8562
1779
3670
6708
6560
7021
5813
1851
4720
4190
1304
7233
6117
927
1479
5581
1575
4322
732
381
2570
3603
8883
4580
2768
3434
9634
2655
1432
1933
4287
2181
1105
5571
627
108
8847
3763
4057
3625
3304
1482
6178
9999
1068
5499
456
6761
47
8032
8861
8514
9093
2959
6095
3489
7688
3449
4074
1843
2169
3164
2811
720
1089
3063
3565
8288
4354
9806
9810
3830
3823
5859
9198
6522
1092
1108
8067
4549
2740
6965
3733
7413
8317
3874
5930
7393
1498
8038
9920
9702
7253
9578
7066
8143
5798
4197
6456
6227
6541
9761
2035
7272
1016
7070
2114
2006
9985
6864
7947
7335
5655
8340
5993
9354
8200
7584
3799
2662
3880
4296
358
5564
3904
3100
7489
7077
710
8814
586
4170
3780
3954
5568
5715
5240
207
1472
87
1032
9842
2453
3282
2927
2849
9934
1237
9816
4237
6410
9558
6694
3200
450
8952
7118
8182
9635
5158
1267
4681
2806
8409
2667
2900
1518
986
146
7097
9086
1808
7531
2942
2036
1482
158
6689
9670
2505
9395
7549
8967
2373
6650
1061
6982
9904
6676
4924
2644
9063
5329
6279
4208
9908
9703
2187
432
4657
3851
6896
9374
4375
2624
5079
205
676
6905
8936
4070
1947
6108
1843
9827
3157
8598
7288
2471
1606
9893
6259
3385
6891
6357
1759
3051
1902
6122
2411
9243
7884
7
2857
4597
7854
2250
8115
2114
883
8916
2697
6722
6831
2040
8453
3362
9484
3422
336
4313
2847
2885
6429
3253
9910
9283
7139
4589
1693
1098
1272
8274
4175
6826
1944
6967
5178
6588
2341
6042
1531
6546
4184
1006
1049
9673
2614
3798
6861
4664
5375
7952
8447
2168
1775
2412
2652
8879
551
1368
7635
5386
4374
2841
4207
599
8864
2168
4686
2621
9777
4966
4385
2248
7451
3038
8300
1556
1738
7398
8573
3382
4729
7216
1129
1938
4574
7763
2242
7164
3616
9617
1397
638
3593
1397
6271
1763
6470
5292
4208
9886
7787
9965
1207
3290
5283
5941
5101
4782
6757
2771
5839
3644
1939
4893
5970
8167
2012
9165
2555
1423
9201
2460
9878
7275
6037
26
7828
2625
9757
887
9442
1012
6855
5600
5284
6123
8343
9289
848
2234
5787
9667
4455
3423
3856
6827
5470
140
9039
4799
4907
7740
7391
1917
3340
6259
8686
1594
6336
2230
2586
2716
7529
6132
1385
8069
5785
8000
584
7292
5689
5820
7217
6714
1625
3411
5557
7325
9777
7859
8105
6668
742
5142
7710
6792
8601
8492
8216
5035
6729
4774
1648
337
329
5025
197
3455
7883
108
9277
6500
3692
1064
6057
9386
3049
3132
3414
4185
367
6082
3040
8889
9089
4194
7665
5825
8450
8104
3799
7393
4386
5028
7620
5384
9365
2206
1807
6035
9359
5252
6711
2371
300
9218
7016
1658
9260
4973
726
8929
5227
5036
7670
585
8719
5507
508
1196
5306
7965
3199
2351
288
2853
1801
4679
8594
9617
8459
4932
2953
6236
2861
9006
366
9663
706
7739
6677
795
6234
9243
203
2357
4241
752
612
1630
5
8109
4615
1790
5492
4233
9910
2013
8180
7632
3300
8734
4125
8935
3323
7720
7969
330
9654
3601
1291
4803
5337
2122
1541
265
897
2657
9283
6787
1349
7095
9949
7687
1675
223
2619
7668
520
5247
8152
3992
1535
9335
9369
6015
9755
1611
8791
6441
568
7102
3495
2150
1211
4669
5883
6320
9921
1829
98
389
3285
6434
5290
1232
9019
9061
5670
835
4106
7424
1610
9667
4263
6753
179
3840
1836
5930
7476
9536
9463
7193
9291
2295
2494
8217
6290
9620
2817
6403
5169
1723
1064
6578
8816
1434
9115
4146
8122
7083
9649
7524
8926
8293
9935
4961
9199
4863
4274
3560
2331
8514
1016
9190
297
5802
1433
8113
1307
8585
6611
8465
2355
1896
3971
1948
8626
3195
4911
172
2172
9311
3727
7886
3767
7106
6013
2602
801
3343
6578
7178
8401
581
4991
6137
8102
8851
109
3066
253
6659
7052
82
206
864
8392
4739
1989
4101
9226
8982
5534
6243
6827
7827
6809
3406
2899
4864
7742
9781
2943
6772
58
7884
64
3127
3815
6440
1776
7272
4137
5334
2944
7194
1509
136
6813
6956
5516
861
4818
9892
3109
1596
9734
7911
6761
3181
485
2887
1656
3508
4045
9817
4217
3722
5583
82
1070
4666
613
8831
2118
501
1171
1821
9148
5363
8934
5883
780
5399
3289
3162
1942
5005
2118
4253
8507
2338
2521
8067
5956
4576
2816
1215
9219
5813
2143
368
1921
8655
801
8850
566
4646
1400
1152
4070
4678
133
4947
6249
5143
9139
8188
7395
4090
6606
7130
9506
2803
7105
3897
6343
158
3885
2231
9867
3583
3749
2324
4290
3210
3894
4133
365
8843
3237
4949
4745
6916
2064
4377
7365
2849
8198
5790
1682
3816
450
3954
9795
2034
1490
7291
7235
2945
8887
7448
8005
6046
4197
3106
4199
3568
1050
558
6832
7898
7772
4306
3320
8289
8826
1713
3895
4392
6596
6165
9957
2267
7287
8568
4577
7541
2064
2863
1357
5950
9906
708
5734
9364
1523
9918
1314
2660
6256
6383
1506
8805
5105
602
5847
3538
2440
8590
9057
562
8722
1748
7010
1142
6480
4913
5137
8334
5935
9384
8762
3768
8787
5424
4034
9462
195
9900
4809
2938
7117
8013
6568
8833
7210
6753
9338
9994
6732
6437
2279
7762
180
7631
9627
3485
6209
8641
5046
562
3106
1082
3724
1187
1053
6591
8748
6904
8664
9297
6062
119
7588
3115
182
8690
6761
8539
7349
5310
9580
3850
5502
8123
1614
5946
4150
4372
8606
5115
917
5493
3903
6537
953
4612
5572
6214
1849
3422
199
6688
4503
671
969
6062
1759
2604
1315
4700
5228
3505
3564
3825
1338
6770
7539
2393
646
2480
1468
772
4113
731
7928
3354
8723
5422
6124
569
2765
588
2596
1852
5703
6628
8496
9786
2743
2547
8860
2521
3763
4679
3086
9965
2078
4844
5097
1200
4846
5429
1070
4383
2287
5672
978
1247
8752
1558
6954
8043
4170
6485
354
9643
1665
7804
8190
9266
6371
6667
600
4884
734
9397
2744
4306
8670
4139
1458
4116
2372
1542
616
9105
3762
1136
7136
8334
7458
95
2929
6113
6903
5471
4791
9488
3499
2267
9302
235
1063
6456
2410
2003
49
7678
5805
6006
2432
8580
1154
5128
587
4439
3439
6190
927
4870
3288
9354
8431
877
4501
2543
278
1341
2021
2608
2504
436
2428
4233
8326
7998
6104
4489
5824
9015
6513
9755
8485
2587
303
6383
4502
2285
6422
4890
9865
5952
9884
743
6410
9253
9291
1128
1403
7362
4417
7565
6347
2171
8052
3471
7941
3024
436
282
4303
6051
3577
9653
6531
6404
6027
1727
5035
7979
7233
8616
5605
8705
1297
5881
8822
8923
2805
849
6379
7699
8991
1773
6618
5589
8867
978
6711
4868
35
8330
6947
7526
1944
6457
5102
6435
2091
5084
2125
7653
1780
5533
8071
4444
6890
8948
2361
9425
5913
7677
7786
2181
8306
4034
1208
1573
9580
2438
849
5980
424
7070
414
293
2114
1099
7737
8891
547
9160
1968
3760
884
1628
8114
7462
3693
845
7238
93
7803
9794
8523
7050
3856
3042
3609
16
1443
8846
1926
477
1913
6008
8789
596
572
9007
3593
7634
4055
9000
4648
111
3652
1051
7082
5059
9660
9942
945
9459
9214
9106
5586
695
2779
6912
2577
6345
9805
4383
1051
3659
2280
1166
7980
9013
3033
6920
4434
7083
699
2209
8585
8807
4536
5275
9172
4648
4892
3269
8877
4902
4117
4417
1140
1024
5287
6785
9524
9780
7197
3341
2019
5611
1978
8211
7896
1022
3533
8747
3350
3785
4882
4966
9031
3579
9797
4947
7316
1255
5329
8749
688
8570
7767
3477
2581
5929
9082
6183
9926
1750
1207
3211
3635
5422
834
5803
4091
2035
3500
4860
3516
3185
4369
3771
3382
9615
9533
6085
2669
5621
9807
5170
7277
8948
5205
7743
1784
1621
5287
3367
699
8050
1664
5758
6415
443
8214
5690
1658
4535
3019
4894
6902
5048
2460
276
2298
4392
4534
2486
8708
7413
5945
6041
4328
711
613
8742
4162
7018
2449
9446
6055
8333
5306
7210
3050
8853
1032
2196
1418
9694
9501
3174
6552
6656
902
7253
6823
9450
5988
4377
6092
5261
1284
3748
6485
3623
6170
9708
4198
9515
8285
551
3918
8394
9643
2658
5960
9968
1581
1038
9165
8253
1942
8455
7063
3038
4293
4130
2129
7767
2713
5155
4842
144
5012
5849
9144
793
5528
3542
9977
1275
8543
8350
5412
8029
8071
2283
1310
8816
3209
4010
1817
8711
1898
887
503
4838
4267
9888
6444
8437
5851
4248
3761
6545
1293
9898
6037
5969
1140
7816
6766
7040
9274
4623
1133
8043
3232
7321
2944
5736
2160
302
2960
8305
3566
1527
3115
4156
7069
3762
8364
6936
5534
1707
694
5078
1426
5821
4688
2769
5505
1493
8778
6092
1508
6062
4269
5527
7052
559
1713
7421
5509
8141
8952
9662
4229
8958
295
7219
8079
604
5701
3635
6900
9057
1916
6513
8425
9525
6717
4032
8851
6946
928
5620
2975
3136
3208
182
6302
2930
4853
404
669
2123
8067
9170
5699
334
592
6657
8900
402
7307
2378
8099
8094
4120
936
6900
7702
2240
8495
3439
978
9589
7420
9536
1879
5459
9723
9435
2741
8865
2207
988
4653
1015
7378
3293
4124
8666
3433
8705
5160
1843
8242
6686
7829
125
3837
776
1173
9245
6660
9959
7370
3340
8696
5546
1513
8352
922
709
9373
4329
5891
1974
1173
8279
5825
4038
9051
3880
7566
715
6290
4111
894
713
2091
832
3557
776
9412
8824
7634
4897
9502
6490
3500
2035
4169
1188
6088
5586
4894
5984
8740
2799
329
4230
7539
2418
129
5023
1094
6707
4901
4692
5251
1049
5268
2661
260
6218
6329
917
6094
3633
7202
5171
8268
5581
9499
6740
9768
8006
7436
4747
566
7482
6283
1594
3149
2646
3727
5122
9811
9376
3411
5255
4900
5553
6003
9471
1790
2928
1815
3081
2939
4633
2601
794
5164
8781
451
7842
2655
691
5322
2285
6157
8524
2193
3750
659
2932
2444
7110
7386
5412
4658
3642
4837
4485
5389
9026
935
8991
8066
2470
5118
7503
5879
6083
6944
8583
5814
9827
4768
175
6477
235
6525
8585
5838
6446
2600
9122
6170
9454
6367
1845
1381
50
8731
4249
5814
7587
9698
6747
9102
6513
1034
2118
4482
3059
4091
3502
6630
4268
9616
1069
472
3864
650
7189
5591
869
2384
3844
6734
9935
614
2293
8736
2852
1721
2242
4305
1750
5797
8967
2223
3838
6883
7027
6684
9006
8067
600
6553
5039
7505
2353
8560
3897
3191
67
3950
2609
2495
1500
507
6684
5571
2824
8007
3058
2467
8275
5715
302
2514
4809
4554
2130
5870
9880
2410
3447
1290
7559
7138
6514
4426
336
2697
5617
5530
1768
4120
5621
3770
544
7286
7370
9962
3956
4287
4530
8846
9808
9328
4144
9967
7363
3281
15
0
2
4
5
7
9
10
12
14
15
17
18
20
22
23
25
27
28
30
31
33
35
36
38
40
41
43
44
46
48
49
51
53
54
56
57
59
61
62
64
66
67
69
70
72
74
75
77
79
80
82
84
85
87
88
90
92
93
95
97
98
100
101
103
105
106
108
110
111
113
114
116
118
119
121
123
124
126
127
129
131
132
134
136
137
139
140
142
144
145
147
149
150
152
154
155
157
158
160
162
163
165
167
168
170
171
173
175
176
178
180
181
183
184
186
188
189
191
193
194
196
197
199
201
202
204
206
207
209
210
212
214
215
217
219
220
222
223
225
227
228
230
232
233
235
237
238
240
241
243
245
246
248
250
251
253
254
256
258
259
261
263
264
266
267
269
271
272
274
276
277
279
280
282
284
285
287
289
290
292
293
295
297
298
300
302
303
305
307
308
310
311
313
315
316
318
320
321
323
324
326
328
329
331
333
334
336
337
339
341
342
344
346
347
349
350
352
354
355
357
359
360
362
363
365
367
368
370
372
373
375
377
378
380
381
383
385
386
388
390
391
393
394
396
398
399
401
403
404
406
407
409
411
412
414
416
417
419
420
422
424
425
427
429
430
432
433
435
437
438
440
442
443
445
446
448
450
451
453
455
456
458
460
461
463
464
466
468
469
471
473
474
476
477
479
481
482
484
486
487
489
490
492
494
495
497
499
500
502
503
505
507
508
510
512
513
515
516
518
520
521
523
525
526
528
530
531
533
534
536
538
539
541
543
544
546
547
549
551
552
554
556
557
559
560
562
564
565
567
569
570
572
573
575
577
578
580
582
583
585
586
588
590
591
593
595
596
598
599
601
603
604
606
608
609
611
613
614
616
617
619
621
622
624
626
627
629
630
632
634
635
637
639
640
642
643
645
647
648
650
652
653
655
656
658
660
661
663
665
666
668
669
671
673
674
676
678
679
681
683
684
686
687
689
691
692
694
696
697
699
700
702
704
705
707
709
710
712
713
715
717
718
720
722
723
725
726
728
730
731
733
735
736
738
739
741
743
744
746
748
749
751
753
754
756
757
759
761
762
764
766
767
769
770
772
774
775
777
779
780
782
783
785
787
788
790
792
793
795
796
798
800
801
803
805
806
808
809
811
813
814
816
818
819
821
822
824
826
827
829
831
832
834
836
837
839
840
842
844
845
847
849
850
852
853
855
857
858
860
862
863
865
866
868
870
871
873
875
876
878
879
881
883
884
886
888
889
891
892
894
896
897
899
901
902
904
906
907
909
910
912
914
915
917
919
920
922
923
925
927
928
930
932
933
935
936
938
940
941
943
945
946
948
949
951
953
954
956
958
959
961
962
964
966
967
969
971
972
974
975
977
979
980
982
984
985
987
989
990
992
993
995
997
998
1000
1002
1003
1005
1006
1008
1010
1011
1013
1015
1016
1018
1019
1021
1023
1024
1026
1028
1029
1031
1032
1034
1036
1037
1039
1041
1042
1044
1045
1047
1049
1050
1052
1054
1055
1057
1059
1060
1062
1063
1065
1067
1068
1070
1072
1073
1075
1076
1078
1080
1081
1083
1085
1086
1088
1089
1091
1093
1094
1096
1098
1099
1101
1102
1104
1106
1107
1109
1111
1112
1114
1115
1117
1119
1120
1122
1124
1125
1127
1129
1130
1132
1133
1135
1137
1138
1140
1142
1143
1145
1146
1148
1150
1151
1153
1155
1156
1158
1159
1161
1163
1164
1166
1168
1169
1171
1172
1174
1176
1177
1179
1181
1182
1184
1185
1187
1189
1190
1192
1194
1195
1197
1198
1200
1202
1203
1205
1207
1208
1210
1212
1213
1215
1216
1218
1220
1221
1223
1225
1226
1228
1229
1231
1233
1234
1236
1238
1239
1241
1242
1244
1246
1247
1249
1251
1252
1254
1255
1257
1259
1260
1262
1264
1265
1267
1268
1270
1272
1273
1275
1277
1278
1280
1282
1283
1285
1286
1288
1290
1291
1293
1295
1296
1298
1299
1301
1303
1304
1306
1308
1309
1311
1312
1314
1316
1317
1319
1321
1322
1324
1325
1327
1329
1330
1332
1334
1335
1337
1338
1340
1342
1343
1345
1347
1348
1350
1351
1353
1355
1356
1358
1360
1361
1363
1365
1366
1368
1369
1371
1373
1374
1376
1378
1379
1381
1382
1384
1386
1387
1389
1391
1392
1394
1395
1397
1399
1400
1402
1404
1405
1407
1408
1410
1412
1413
1415
1417
1418
1420
1421
1423
1425
1426
1428
1430
1431
1433
1435
1436
1438
1439
1441
1443
1444
1446
1448
1449
1451
1452
1454
1456
1457
1459
1461
1462
1464
1465
1467
1469
1470
1472
1474
1475
1477
1478
1480
1482
1483
1485
1487
1488
1490
1491
1493
1495
1496
1498
1500
1501
1503
1505
1506
1508
1509
1511
1513
1514
1516
1518
1519
1521
1522
1524
1526
1527
1529
1531
1532
1534
1535
1537
1539
1540
1542
1544
1545
1547
1548
1550
1552
1553
1555
1557
1558
1560
1561
1563
1565
1566
1568
1570
1571
1573
1574
1576
1578
1579
1581
1583
1584
1586
1588
1589
1591
1592
1594
1596
1597
1599
1601
1602
1604
1605
1607
1609
1610
1612
1614
1615
1617
1618
1620
1622
1623
1625
1627
1628
1630
1631
1633
1635
1636
1638
1640
1641
1643
1644
1646
1648
1649
1651
1653
1654
1656
1658
1659
1661
1662
1664
1666
1667
1669
1671
1672
1674
1675
1677
1679
1680
1682
1684
1685
1687
1688
1690
1692
1693
1695
1697
1698
1700
1701
1703
1705
1706
1708
1710
1711
1713
1714
1716
1718
1719
1721
1723
1724
1726
1727
1729
1731
1732
1734
1736
1737
1739
1741
1742
1744
1745
1747
1749
1750
1752
1754
1755
1757
1758
1760
1762
1763
1765
1767
1768
1770
1771
1773
1775
1776
1778
1780
1781
1783
1784
1786
1788
1789
1791
1793
1794
1796
1797
1799
1801
1802
1804
1806
1807
1809
1811
1812
1814
1815
1817
1819
1820
1822
1824
1825
1827
1828
1830
1832
1833
1835
1837
1838
1840
1841
1843
1845
1846
1848
1850
1851
1853
1854
1856
1858
1859
1861
1863
1864
1866
1867
1869
1871
1872
1874
1876
1877
1879
1881
1882
1884
1885
1887
1889
1890
1892
1894
1895
1897
1898
1900
1902
1903
1905
1907
1908
1910
1911
1913
1915
1916
1918
1920
1921
1923
1924
1926
1928
1929
1931
1933
1934
1936
1937
1939
1941
1942
1944
1946
1947
1949
1950
1952
1954
1955
1957
1959
1960
1962
1964
1965
1967
1968
1970
1972
1973
1975
1977
1978
1980
1981
1983
1985
1986
1988
1990
1991
1993
1994
1996
1998
1999
2001
2003
2004
2006
2007
2009
2011
2012
2014
2016
2017
2019
2020
2022
2024
2025
2027
2029
2030
2032
2034
2035
2037
2038
2040
2042
2043
2045
2047
2048
2050
2051
2053
2055
2056
2058
2060
2061
2063
2064
2066
2068
2069
2071
2073
2074
2076
2077
2079
2081
2082
2084
2086
2087
2089
2090
2092
2094
2095
2097
2099
2100
2102
2103
2105
2107
2108
2110
2112
2113
2115
2117
2118
2120
2121
2123
2125
2126
2128
2130
2131
2133
2134
2136
2138
2139
2141
2143
2144
2146
2147
2149
2151
2152
2154
2156
2157
2159
2160
2162
2164
2165
2167
2169
2170
2172
2173
2175
2177
2178
2180
2182
2183
2185
2187
2188
2190
2191
2193
2195
2196
2198
2200
2201
2203
2204
2206
2208
2209
2211
2213
2214
2216
2217
2219
2221
2222
2224
2226
2227
2229
2230
2232
2234
2235
2237
2239
2240
2242
2243
2245
2247
2248
2250
2252
2253
2255
2257
2258
2260
2261
2263
2265
2266
2268
2270
2271
2273
2274
2276
2278
2279
2281
2283
2284
2286
2287
2289
2291
2292
2294
2296
2297
2299
2300
2302
2304
2305
2307
2309
2310
2312
2313
2315
2317
2318
2320
2322
2323
2325
2326
2328
2330
2331
2333
2335
2336
2338
2340
2341
2343
2344
2346
2348
2349
2351
2353
2354
2356
2357
2359
2361
2362
2364
2366
2367
2369
2370
2372
2374
2375
2377
2379
2380
2382
2383
2385
2387
2388
2390
2392
2393
2395
2396
2398
2400
2401
2403
2405
2406
2408
2410
2411
2413
2414
2416
2418
2419
2421
2423
2424
2426
2427
2429
2431
2432
2434
2436
2437
2439
2440
2442
2444
2445
2447
2449
2450
2452
2453
2455
2457
2458
2460
2462
2463
2465
2466
2468
2470
2471
2473
2475
2476
2478
2479
2481
2483
2484
2486
2488
2489
2491
2493
2494
2496
2497
2499
2501
2502
2504
2506
2507
2509
2510
2512
2514
2515
2517
2519
2520
2522
2523
2525
2527
2528
2530
2532
2533
2535
2536
2538
2540
2541
2543
2545
2546
2548
2549
2551
2553
2554
2556
2558
2559
2561
2563
2564
2566
2567
2569
2571
2572
2574
2576
2577
2579
2580
2582
2584
2585
2587
2589
2590
2592
2593
2595
2597
2598
2600
2602
2603
2605
2606
2608
2610
2611
2613
2615
2616
2618
2619
2621
2623
2624
2626
2628
2629
2631
2633
2634
2636
2637
2639
2641
2642
2644
2646
2647
2649
2650
2652
2654
2655
2657
2659
2660
2662
2663
2665
2667
2668
2670
2672
2673
2675
2676
2678
2680
2681
2683
2685
2686
2688
2689
2691
2693
2694
2696
2698
2699
2701
2702
2704
2706
2707
2709
2711
2712
2714
2716
2717
2719
2720
2722
2724
2725
2727
2729
2730
2732
2733
2735
2737
2738
2740
2742
2743
2745
2746
2748
2750
2751
2753
2755
2756
2758
2759
2761
2763
2764
2766
2768
2769
2771
2772
2774
2776
2777
2779
2781
2782
2784
2786
2787
2789
2790
2792
2794
2795
2797
2799
2800
2802
2803
2805
2807
2808
2810
2812
2813
2815
2816
2818
2820
2821
2823
2825
2826
2828
2829
2831
2833
2834
2836
2838
2839
2841
2842
2844
2846
2847
2849
2851
2852
2854
2855
2857
2859
2860
2862
2864
2865
2867
2869
2870
2872
2873
2875
2877
2878
2880
2882
2883
2885
2886
2888
2890
2891
2893
2895
2896
2898
2899
2901
2903
2904
2906
2908
2909
2911
2912
2914
2916
2917
2919
2921
2922
2924
2925
2927
2929
2930
2932
2934
2935
2937
2939
2940
2942
2943
2945
2947
2948
2950
2952
2953
2955
2956
2958
2960
2961
2963
2965
2966
2968
2969
2971
2973
2974
2976
2978
2979
2981
2982
2984
2986
2987
2989
2991
2992
2994
2995
2997
2999
3000
3002
3004
3005
3007
3009
3010
3012
3013
3015
3017
3018
3020
3022
3023
3025
3026
3028
3030
3031
3033
3035
3036
3038
3039
3041
3043
3044
3046
3048
3049
3051
3052
3054
3056
3057
3059
3061
3062
3064
3065
3067
3069
3070
3072
3074
3075
3077
3078
3080
3082
3083
3085
3087
3088
3090
3092
3093
3095
3096
3098
3100
3101
3103
3105
3106
3108
3109
3111
3113
3114
3116
3118
3119
3121
3122
3124
3126
3127
3129
3131
3132
3134
3135
3137
3139
3140
3142
3144
3145
3147
3148
3150
3152
3153
3155
3157
3158
3160
3162
3163
3165
3166
3168
3170
3171
3173
3175
3176
3178
3179
3181
3183
3184
3186
3188
3189
3191
3192
3194
3196
3197
3199
3201
3202
3204
3205
3207
3209
3210
3212
3214
3215
3217
3218
3220
3222
3223
3225
3227
3228
3230
3231
3233
3235
3236
3238
3240
3241
3243
3245
3246
3248
3249
3251
3253
3254
3256
3258
3259
3261
3262
3264
3266
3267
3269
3271
3272
3274
3275
3277
3279
3280
3282
3284
3285
3287
3288
3290
3292
3293
3295
3297
3298
3300
3301
3303
3305
3306
3308
3310
3311
3313
3315
3316
3318
3319
3321
3323
3324
3326
3328
3329
3331
3332
3334
3336
3337
3339
3341
3342
3344
3345
3347
3349
3350
3352
3354
3355
3357
3358
3360
3362
3363
3365
3367
3368
3370
3371
3373
3375
3376
3378
3380
3381
3383
3385
3386
3388
3389
3391
3393
3394
3396
3398
3399
3401
3402
3404
3406
3407
3409
3411
3412
3414
3415
3417
3419
3420
3422
3424
3425
3427
3428
3430
3432
3433
3435
3437
3438
3440
3441
3443
3445
3446
3448
3450
3451
3453
3454
3456
3458
3459
3461
3463
3464
3466
3468
3469
3471
3472
3474
3476
3477
3479
3481
3482
3484
3485
3487
3489
3490
3492
3494
3495
3497
3498
3500
3502
3503
3505
3507
3508
3510
3511
3513
3515
3516
3518
3520
3521
3523
3524
3526
3528
3529
3531
3533
3534
3536
3538
3539
3541
3542
3544
3546
3547
3549
3551
3552
3554
3555
3557
3559
3560
3562
3564
3565
3567
3568
3570
3572
3573
3575
3577
3578
3580
3581
3583
3585
3586
3588
3590
3591
3593
3594
3596
3598
3599
3601
3603
3604
3606
3607
3609
3611
3612
3614
3616
3617
3619
3621
3622
3624
3625
3627
3629
3630
3632
3634
3635
3637
3638
3640
3642
3643
3645
3647
3648
3650
3651
3653
3655
3656
3658
3660
3661
3663
3664
3666
3668
3669
3671
3673
3674
3676
3677
3679
3681
3682
3684
3686
3687
3689
3691
3692
3694
3695
3697
3699
3700
3702
3704
3705
3707
3708
3710
3712
3713
3715
3717
3718
3720
3721
3723
3725
3726
3728
3730
3731
3733
3734
3736
3738
3739
3741
3743
3744
3746
3747
3749
3751
3752
3754
3756
3757
3759
3761
3762
3764
3765
3767
3769
3770
3772
3774
3775
3777
3778
3780
3782
3783
3785
3787
3788
3790
3791
3793
3795
3796
3798
3800
3801
3803
3804
3806
3808
3809
3811
3813
3814
3816
3817
3819
3821
3822
3824
3826
3827
3829
3830
3832
3834
3835
3837
3839
3840
3842
3844
3845
3847
3848
3850
3852
3853
3855
3857
3858
3860
3861
3863
3865
3866
3868
3870
3871
3873
3874
3876
3878
3879
3881
3883
3884
3886
3887
3889
3891
3892
3894
3896
3897
3899
3900
3902
3904
3905
3907
3909
3910
3912
3914
3915
3917
3918
3920
3922
3923
3925
3927
3928
3930
3931
3933
3935
3936
3938
3940
3941
3943
3944
3946
3948
3949
3951
3953
3954
3956
3957
3959
3961
3962
3964
3966
3967
3969
3970
3972
3974
3975
3977
3979
3980
3982
3983
3985
3987
3988
3990
3992
3993
3995
3997
3998
4000
4001
4003
4005
4006
4008
4010
4011
4013
4014
4016
4018
4019
4021
4023
4024
4026
4027
4029
4031
4032
4034
4036
4037
4039
4040
4042
4044
4045
4047
4049
4050
4052
4053
4055
4057
4058
4060
4062
4063
4065
4067
4068
4070
4071
4073
4075
4076
4078
4080
4081
4083
4084
4086
4088
4089
4091
4093
4094
4096
4097
4099
4101
4102
4104
4106
4107
4109
4110
4112
4114
4115
4117
4119
4120
4122
4123
4125
4127
4128
4130
4132
4133
4135
4137
4138
4140
4141
4143
4145
4146
4148
4150
4151
4153
4154
4156
4158
4159
4161
4163
4164
4166
4167
4169
4171
4172
4174
4176
4177
4179
4180
4182
4184
4185
4187
4189
4190
4192
4193
4195
4197
4198
4200
4202
4203
4205
4206
4208
4210
4211
4213
4215
4216
4218
4220
4221
4223
4224
4226
4228
4229
4231
4233
4234
4236
4237
4239
4241
4242
4244
4246
4247
4249
4250
4252
4254
4255
4257
4259
4260
4262
4263
4265
4267
4268
4270
4272
4273
4275
4276
4278
4280
4281
4283
4285
4286
4288
4290
4291
4293
4294
4296
4298
4299
4301
4303
4304
4306
4307
4309
4311
4312
4314
4316
4317
4319
4320
4322
4324
4325
4327
4329
4330
4332
4333
4335
4337
4338
4340
4342
4343
4345
4346
4348
4350
4351
4353
4355
4356
4358
4359
4361
4363
4364
4366
4368
4369
4371
4373
4374
4376
4377
4379
4381
4382
4384
4386
4387
4389
4390
4392
4394
4395
4397
4399
4400
4402
4403
4405
4407
4408
4410
4412
4413
4415
4416
4418
4420
4421
4423
4425
4426
4428
4429
4431
4433
4434
4436
4438
4439
4441
4443
4444
4446
4447
4449
4451
4452
4454
4456
4457
4459
4460
4462
4464
4465
4467
4469
4470
4472
4473
4475
4477
4478
4480
4482
4483
4485
4486
4488
4490
4491
4493
4495
4496
4498
4499
4501
4503
4504
4506
4508
4509
4511
4513
4514
4516
4517
4519
4521
4522
4524
4526
4527
4529
4530
4532
4534
4535
4537
4539
4540
4542
4543
4545
4547
4548
4550
4552
4553
4555
4556
4558
4560
4561
4563
4565
4566
4568
4569
4571
4573
4574
4576
4578
4579
4581
4582
4584
4586
4587
4589
4591
4592
4594
4596
4597
4599
4600
4602
4604
4605
4607
4609
4610
4612
4613
4615
4617
4618
4620
4622
4623
4625
4626
4628
4630
4631
4633
4635
4636
4638
4639
4641
4643
4644
4646
4648
4649
4651
4652
4654
4656
4657
4659
4661
4662
4664
4666
4667
4669
4670
4672
4674
4675
4677
4679
4680
4682
4683
4685
4687
4688
4690
4692
4693
4695
4696
4698
4700
4701
4703
4705
4706
4708
4709
4711
4713
4714
4716
4718
4719
4721
4722
4724
4726
4727
4729
4731
4732
4734
4735
4737
4739
4740
4742
4744
4745
4747
4749
4750
4752
4753
4755
4757
4758
4760
4762
4763
4765
4766
4768
4770
4771
4773
4775
4776
4778
4779
4781
4783
4784
4786
4788
4789
4791
4792
4794
4796
4797
4799
4801
4802
4804
4805
4807
4809
4810
4812
4814
4815
4817
4819
4820
4822
4823
4825
4827
4828
4830
4832
4833
4835
4836
4838
4840
4841
4843
4845
4846
4848
4849
4851
4853
4854
4856
4858
4859
4861
4862
4864
4866
4867
4869
4871
4872
4874
4875
4877
4879
4880
4882
4884
4885
4887
4889
4890
4892
4893
4895
4897
4898
4900
4902
4903
4905
4906
4908
4910
4911
4913
4915
4916
4918
4919
4921
4923
4924
4926
4928
4929
4931
4932
4934
4936
4937
4939
4941
4942
4944
4945
4947
4949
4950
4952
4954
4955
4957
4958
4960
4962
4963
4965
4967
4968
4970
4972
4973
4975
4976
4978
4980
4981
4983
4985
4986
4988
4989
4991
4993
4994
4996
4998
4999
5001
5002
5004
5006
5007
5009
5011
5012
5014
5015
5017
5019
5020
5022
5024
5025
5027
5028
5030
5032
5033
5035
5037
5038
5040
5042
5043
5045
5046
5048
5050
5051
5053
5055
5056
5058
5059
5061
5063
5064
5066
5068
5069
5071
5072
5074
5076
5077
5079
5081
5082
5084
5085
5087
5089
5090
5092
5094
5095
5097
5098
5100
5102
5103
5105
5107
5108
5110
5111
5113
5115
5116
5118
5120
5121
5123
5125
5126
5128
5129
5131
5133
5134
5136
5138
5139
5141
5142
5144
5146
5147
5149
5151
5152
5154
5155
5157
5159
5160
5162
5164
5165
5167
5168
5170
5172
5173
5175
5177
5178
5180
5181
5183
5185
5186
5188
5190
5191
5193
5195
5196
5198
5199
5201
5203
5204
5206
5208
5209
5211
5212
5214
5216
5217
5219
5221
5222
5224
5225
5227
5229
5230
5232
5234
5235
5237
5238
5240
5242
5243
5245
5247
5248
5250
5251
5253
5255
5256
5258
5260
5261
5263
5265
5266
5268
5269
5271
5273
5274
5276
5278
5279
5281
5282
5284
5286
5287
5289
5291
5292
5294
5295
5297
5299
5300
5302
5304
5305
5307
5308
5310
5312
5313
5315
5317
5318
5320
5321
5323
5325
5326
5328
5330
5331
5333
5334
5336
5338
5339
5341
5343
5344
5346
5348
5349
5351
5352
5354
5356
5357
5359
5361
5362
5364
5365
5367
5369
5370
5372
5374
5375
5377
5378
5380
5382
5383
5385
5387
5388
5390
5391
5393
5395
5396
5398
5400
5401
5403
5404
5406
5408
5409
5411
5413
5414
5416
5418
5419
5421
5422
5424
5426
5427
5429
5431
5432
5434
5435
5437
5439
5440
5442
5444
5445
5447
5448
5450
5452
5453
5455
5457
5458
5460
5461
5463
5465
5466
5468
5470
5471
5473
5474
5476
5478
5479
5481
5483
5484
5486
5487
5489
5491
5492
5494
5496
5497
5499
5501
5502
5504
5505
5507
5509
5510
5512
5514
5515
5517
5518
5520
5522
5523
5525
5527
5528
5530
5531
5533
5535
5536
5538
5540
5541
5543
5544
5546
5548
5549
5551
5553
5554
5556
5557
5559
5561
5562
5564
5566
5567
5569
5571
5572
5574
5575
5577
5579
5580
5582
5584
5585
5587
5588
5590
5592
5593
5595
5597
5598
5600
5601
5603
5605
5606
5608
5610
5611
5613
5614
5616
5618
5619
5621
5623
5624
5626
5627
5629
5631
5632
5634
5636
5637
5639
5641
5642
5644
5645
5647
5649
5650
5652
5654
5655
5657
5658
5660
5662
5663
5665
5667
5668
5670
5671
5673
5675
5676
5678
5680
5681
5683
5684
5686
5688
5689
5691
5693
5694
5696
5697
5699
5701
5702
5704
5706
5707
5709
5710
5712
5714
5715
5717
5719
5720
5722
5724
5725
5727
5728
5730
5732
5733
5735
5737
5738
5740
5741
5743
5745
5746
5748
5750
5751
5753
5754
5756
5758
5759
5761
5763
5764
5766
5767
5769
5771
5772
5774
5776
5777
5779
5780
5782
5784
5785
5787
5789
5790
5792
5794
5795
5797
5798
5800
5802
5803
5805
5807
5808
5810
5811
5813
5815
5816
5818
5820
5821
5823
5824
5826
5828
5829
5831
5833
5834
5836
5837
5839
5841
5842
5844
5846
5847
5849
5850
5852
5854
5855
5857
5859
5860
5862
5863
5865
5867
5868
5870
5872
5873
5875
5877
5878
5880
5881
5883
5885
5886
5888
5890
5891
5893
5894
5896
5898
5899
5901
5903
5904
5906
5907
5909
5911
5912
5914
5916
5917
5919
5920
5922
5924
5925
5927
5929
5930
5932
5933
5935
5937
5938
5940
5942
5943
5945
5947
5948
5950
5951
5953
5955
5956
5958
5960
5961
5963
5964
5966
5968
5969
5971
5973
5974
5976
5977
5979
5981
5982
5984
5986
5987
5989
5990
5992
5994
5995
5997
5999
6000
6002
6003
6005
6007
6008
6010
6012
6013
6015
6017
6018
6020
6021
6023
6025
6026
6028
6030
6031
6033
6034
6036
6038
6039
6041
6043
6044
6046
6047
6049
6051
6052
6054
6056
6057
6059
6060
6062
6064
6065
6067
6069
6070
6072
6073
6075
6077
6078
6080
6082
6083
6085
6086
6088
6090
6091
6093
6095
6096
6098
6100
6101
6103
6104
6106
6108
6109
6111
6113
6114
6116
6117
6119
6121
6122
6124
6126
6127
6129
6130
6132
6134
6135
6137
6139
6140
6142
6143
6145
6147
6148
6150
6152
6153
6155
6156
6158
6160
6161
6163
6165
6166
6168
6170
6171
6173
6174
6176
6178
6179
6181
6183
6184
6186
6187
6189
6191
6192
6194
6196
6197
6199
6200
6202
6204
6205
6207
6209
6210
6212
6213
6215
6217
6218
6220
6222
6223
6225
6226
6228
6230
6231
6233
6235
6236
6238
6239
6241
6243
6244
6246
6248
6249
6251
6253
6254
6256
6257
6259
6261
6262
6264
6266
6267
6269
6270
6272
6274
6275
6277
6279
6280
6282
6283
6285
6287
6288
6290
6292
6293
6295
6296
6298
6300
6301
6303
6305
6306
6308
6309
6311
6313
6314
6316
6318
6319
6321
6323
6324
6326
6327
6329
6331
6332
6334
6336
6337
6339
6340
6342
6344
6345
6347
6349
6350
6352
6353
6355
6357
6358
6360
6362
6363
6365
6366
6368
6370
6371
6373
6375
6376
6378
6379
6381
6383
6384
6386
6388
6389
6391
6393
6394
6396
6397
6399
6401
6402
6404
6406
6407
6409
6410
6412
6414
6415
6417
6419
6420
6422
6423
6425
6427
6428
6430
6432
6433
6435
6436
6438
6440
6441
6443
6445
6446
6448
6449
6451
6453
6454
6456
6458
6459
6461
6462
6464
6466
6467
6469
6471
6472
6474
6476
6477
6479
6480
6482
6484
6485
6487
6489
6490
6492
6493
6495
6497
6498
6500
6502
6503
6505
6506
6508
6510
6511
6513
6515
6516
6518
6519
6521
6523
6524
6526
6528
6529
6531
6532
6534
6536
6537
6539
6541
6542
6544
6546
6547
6549
6550
6552
6554
6555
6557
6559
6560
6562
6563
6565
6567
6568
6570
6572
6573
6575
6576
6578
6580
6581
6583
6585
6586
6588
6589
6591
6593
6594
6596
6598
6599
6601
6602
6604
6606
6607
6609
6611
6612
6614
6615
6617
6619
6620
6622
6624
6625
6627
6629
6630
6632
6633
6635
6637
6638
6640
6642
6643
6645
6646
6648
6650
6651
6653
6655
6656
6658
6659
6661
6663
6664
6666
6668
6669
6671
6672
6674
6676
6677
6679
6681
6682
6684
6685
6687
6689
6690
6692
6694
6695
6697
6699
6700
6702
6703
6705
6707
6708
6710
6712
6713
6715
6716
6718
6720
6721
6723
6725
6726
6728
6729
6731
6733
6734
6736
6738
6739
6741
6742
6744
6746
6747
6749
6751
6752
6754
6755
6757
6759
6760
6762
6764
6765
6767
6769
6770
6772
6773
6775
6777
6778
6780
6782
6783
6785
6786
6788
6790
6791
6793
6795
6796
6798
6799
6801
6803
6804
6806
6808
6809
6811
6812
6814
6816
6817
6819
6821
6822
6824
6825
6827
6829
6830
6832
6834
6835
6837
6838
6840
6842
6843
6845
6847
6848
6850
6852
6853
6855
6856
6858
6860
6861
6863
6865
6866
6868
6869
6871
6873
6874
6876
6878
6879
6881
6882
6884
6886
6887
6889
6891
6892
6894
6895
6897
6899
6900
6902
6904
6905
6907
6908
6910
6912
6913
6915
6917
6918
6920
6922
6923
6925
6926
6928
6930
6931
6933
6935
6936
6938
6939
6941
6943
6944
6946
6948
6949
6951
6952
6954
6956
6957
6959
6961
6962
6964
6965
6967
6969
6970
6972
6974
6975
6977
6978
6980
6982
6983
6985
6987
6988
6990
6991
6993
6995
6996
6998
7000
7001
7003
7005
7006
7008
7009
7011
7013
7014
7016
7018
7019
7021
7022
7024
7026
7027
7029
7031
7032
7034
7035
7037
7039
7040
7042
7044
7045
7047
7048
7050
7052
7053
7055
7057
7058
7060
7061
7063
7065
7066
7068
7070
7071
7073
7075
7076
7078
7079
7081
7083
7084
7086
7088
7089
7091
7092
7094
7096
7097
7099
7101
7102
7104
7105
7107
7109
7110
7112
7114
7115
7117
7118
7120
7122
7123
7125
7127
7128
7130
7131
7133
7135
7136
7138
7140
7141
7143
7145
7146
7148
7149
7151
7153
7154
7156
7158
7159
7161
7162
7164
7166
7167
7169
7171
7172
7174
7175
7177
7179
7180
7182
7184
7185
7187
7188
7190
7192
7193
7195
7197
7198
7200
7201
7203
7205
7206
7208
7210
7211
7213
7214
7216
7218
7219
7221
7223
7224
7226
7228
7229
7231
7232
7234
7236
7237
7239
7241
7242
7244
7245
7247
7249
7250
7252
7254
7255
7257
7258
7260
7262
7263
7265
7267
7268
7270
7271
7273
7275
7276
7278
7280
7281
7283
7284
7286
7288
7289
7291
7293
7294
7296
7298
7299
7301
7302
7304
7306
7307
7309
7311
7312
7314
7315
7317
7319
7320
7322
7324
7325
7327
7328
7330
7332
7333
7335
7337
7338
7340
7341
7343
7345
7346
7348
7350
7351
7353
7354
7356
7358
7359
7361
7363
7364
7366
7367
7369
7371
7372
7374
7376
7377
7379
7381
7382
7384
7385
7387
7389
7390
7392
7394
7395
7397
7398
7400
7402
7403
7405
7407
7408
7410
7411
7413
7415
7416
7418
7420
7421
7423
7424
7426
7428
7429
7431
7433
7434
7436
7437
7439
7441
7442
7444
7446
7447
7449
7451
7452
7454
7455
7457
7459
7460
7462
7464
7465
7467
7468
7470
7472
7473
7475
7477
7478
7480
7481
7483
7485
7486
7488
7490
7491
7493
7494
7496
7498
7499
7501
7503
7504
7506
7507
7509
7511
7512
7514
7516
7517
7519
7521
7522
7524
7525
7527
7529
7530
7532
7534
7535
7537
7538
7540
7542
7543
7545
7547
7548
7550
7551
7553
7555
7556
7558
7560
7561
7563
7564
7566
7568
7569
7571
7573
7574
7576
7577
7579
7581
7582
7584
7586
7587
7589
7590
7592
7594
7595
7597
7599
7600
7602
7604
7605
7607
7608
7610
7612
7613
7615
7617
7618
7620
7621
7623
7625
7626
7628
7630
7631
7633
7634
7636
7638
7639
7641
7643
7644
7646
7647
7649
7651
7652
7654
7656
7657
7659
7660
7662
7664
7665
7667
7669
7670
7672
7674
7675
7677
7678
7680
7682
7683
7685
7687
7688
7690
7691
7693
7695
7696
7698
7700
7701
7703
7704
7706
7708
7709
7711
7713
7714
7716
7717
7719
7721
7722
7724
7726
7727
7729
7730
7732
7734
7735
7737
7739
7740
7742
7743
7745
7747
7748
7750
7752
7753
7755
7757
7758
7760
7761
7763
7765
7766
7768
7770
7771
7773
7774
7776
7778
7779
7781
7783
7784
7786
7787
7789
7791
7792
7794
7796
7797
7799
7800
7802
7804
7805
7807
7809
7810
7812
7813
7815
7817
7818
7820
7822
7823
7825
7827
7828
7830
7831
7833
7835
7836
7838
7840
7841
7843
7844
7846
7848
7849
7851
7853
7854
7856
7857
7859
7861
7862
7864
7866
7867
7869
7870
7872
7874
7875
7877
7879
7880
7882
7883
7885
7887
7888
7890
7892
7893
7895
7897
7898
7900
7901
7903
7905
7906
7908
7910
7911
7913
7914
7916
7918
7919
7921
7923
7924
7926
7927
7929
7931
7932
7934
7936
7937
7939
7940
7942
7944
7945
7947
7949
7950
7952
7953
7955
7957
7958
7960
7962
7963
7965
7966
7968
7970
7971
7973
7975
7976
7978
7980
7981
7983
7984
7986
7988
7989
7991
7993
7994
7996
7997
7999
8001
8002
8004
8006
8007
8009
8010
8012
8014
8015
8017
8019
8020
8022
8023
8025
8027
8028
8030
8032
8033
8035
8036
8038
8040
8041
8043
8045
8046
8048
8050
8051
8053
8054
8056
8058
8059
8061
8063
8064
8066
8067
8069
8071
8072
8074
8076
8077
8079
8080
8082
8084
8085
8087
8089
8090
8092
8093
8095
8097
8098
8100
8102
8103
8105
8106
8108
8110
8111
8113
8115
8116
8118
8119
8121
8123
8124
8126
8128
8129
8131
8133
8134
8136
8137
8139
8141
8142
8144
8146
8147
8149
8150
8152
8154
8155
8157
8159
8160
8162
8163
8165
8167
8168
8170
8172
8173
8175
8176
8178
8180
8181
8183
8185
8186
8188
8189
8191
8193
8194
8196
8198
8199
8201
8203
8204
8206
8207
8209
8211
8212
8214
8216
8217
8219
8220
8222
8224
8225
8227
8229
8230
8232
8233
8235
8237
8238
8240
8242
8243
8245
8246
8248
8250
8251
8253
8255
8256
8258
8259
8261
8263
8264
8266
8268
8269
8271
8273
8274
8276
8277
8279
8281
8282
8284
8286
8287
8289
8290
8292
8294
8295
8297
8299
8300
8302
8303
8305
8307
8308
8310
8312
8313
8315
8316
8318
8320
8321
8323
8325
8326
8328
8329
8331
8333
8334
8336
8338
8339
8341
8342
8344
8346
8347
8349
8351
8352
8354
8356
8357
8359
8360
8362
8364
8365
8367
8369
8370
8372
8373
8375
8377
8378
8380
8382
8383
8385
8386
8388
8390
8391
8393
8395
8396
8398
8399
8401
8403
8404
8406
8408
8409
8411
8412
8414
8416
8417
8419
8421
8422
8424
8426
8427
8429
8430
8432
8434
8435
8437
8439
8440
8442
8443
8445
8447
8448
8450
8452
8453
8455
8456
8458
8460
8461
8463
8465
8466
8468
8469
8471
8473
8474
8476
8478
8479
8481
8482
8484
8486
8487
8489
8491
8492
8494
8495
8497
8499
8500
8502
8504
8505
8507
8509
8510
8512
8513
8515
8517
8518
8520
8522
8523
8525
8526
8528
8530
8531
8533
8535
8536
8538
8539
8541
8543
8544
8546
8548
8549
8551
8552
8554
8556
8557
8559
8561
8562
8564
8565
8567
8569
8570
8572
8574
8575
8577
8579
8580
8582
8583
8585
8587
8588
8590
8592
8593
8595
8596
8598
8600
8601
8603
8605
8606
8608
8609
8611
8613
8614
8616
8618
8619
8621
8622
8624
8626
8627
8629
8631
8632
8634
8635
8637
8639
8640
8642
8644
8645
8647
8649
8650
8652
8653
8655
8657
8658
8660
8662
8663
8665
8666
8668
8670
8671
8673
8675
8676
8678
8679
8681
8683
8684
8686
8688
8689
8691
8692
8694
8696
8697
8699
8701
8702
8704
8705
8707
8709
8710
8712
8714
8715
8717
8718
8720
8722
8723
8725
8727
8728
8730
8732
8733
8735
8736
8738
8740
8741
8743
8745
8746
8748
8749
8751
8753
8754
8756
8758
8759
8761
8762
8764
8766
8767
8769
8771
8772
8774
8775
8777
8779
8780
8782
8784
8785
8787
8788
8790
8792
8793
8795
8797
8798
8800
8802
8803
8805
8806
8808
8810
8811
8813
8815
8816
8818
8819
8821
8823
8824
8826
8828
8829
8831
8832
8834
8836
8837
8839
8841
8842
8844
8845
8847
8849
8850
8852
8854
8855
8857
8858
8860
8862
8863
8865
8867
8868
8870
8871
8873
8875
8876
8878
8880
8881
8883
8885
8886
8888
8889
8891
8893
8894
8896
8898
8899
8901
8902
8904
8906
8907
8909
8911
8912
8914
8915
8917
8919
8920
8922
8924
8925
8927
8928
8930
8932
8933
8935
8937
8938
8940
8941
8943
8945
8946
8948
8950
8951
8953
8955
8956
8958
8959
8961
8963
8964
8966
8968
8969
8971
8972
8974
8976
8977
8979
8981
8982
8984
8985
8987
8989
8990
8992
8994
8995
8997
8998
9000
9002
9003
9005
9007
9008
9010
9011
9013
9015
9016
9018
9020
9021
9023
9025
9026
9028
9029
9031
9033
9034
9036
9038
9039
9041
9042
9044
9046
9047
9049
9051
9052
9054
9055
9057
9059
9060
9062
9064
9065
9067
9068
9070
9072
9073
9075
9077
9078
9080
9081
9083
9085
9086
9088
9090
9091
9093
9094
9096
9098
9099
9101
9103
9104
9106
9108
9109
9111
9112
9114
9116
9117
9119
9121
9122
9124
9125
9127
9129
9130
9132
9134
9135
9137
9138
9140
9142
9143
9145
9147
9148
9150
9151
9153
9155
9156
9158
9160
9161
9163
9164
9166
9168
9169
9171
9173
9174
9176
9178
9179
9181
9182
9184
9186
9187
9189
9191
9192
9194
9195
9197
9199
9200
9202
9204
9205
9207
9208
9210
9212
9213
9215
9217
9218
9220
9221
9223
9225
9226
9228
9230
9231
9233
9234
9236
9238
9239
9241
9243
9244
9246
9247
9249
9251
9252
9254
9256
9257
9259
9261
9262
9264
9265
9267
9269
9270
9272
9274
9275
9277
9278
9280
9282
9283
9285
9287
9288
9290
9291
9293
9295
9296
9298
9300
9301
9303
9304
9306
9308
9309
9311
9313
9314
9316
9317
9319
9321
9322
9324
9326
9327
9329
9331
9332
9334
9335
9337
9339
9340
9342
9344
9345
9347
9348
9350
9352
9353
9355
9357
9358
9360
9361
9363
9365
9366
9368
9370
9371
9373
9374
9376
9378
9379
9381
9383
9384
9386
9387
9389
9391
9392
9394
9396
9397
9399
9401
9402
9404
9405
9407
9409
9410
9412
9414
9415
9417
9418
9420
9422
9423
9425
9427
9428
9430
9431
9433
9435
9436
9438
9440
9441
9443
9444
9446
9448
9449
9451
9453
9454
9456
9457
9459
9461
9462
9464
9466
9467
9469
9470
9472
9474
9475
9477
9479
9480
9482
9484
9485
9487
9488
9490
9492
9493
9495
9497
9498
9500
9501
9503
9505
9506
9508
9510
9511
9513
9514
9516
9518
9519
9521
9523
9524
9526
9527
9529
9531
9532
9534
9536
9537
9539
9540
9542
9544
9545
9547
9549
9550
9552
9554
9555
9557
9558
9560
9562
9563
9565
9567
9568
9570
9571
9573
9575
9576
9578
9580
9581
9583
9584
9586
9588
9589
9591
9593
9594
9596
9597
9599
9601
9602
9604
9606
9607
9609
9610
9612
9614
9615
9617
9619
9620
9622
9623
9625
9627
9628
9630
9632
9633
9635
9637
9638
9640
9641
9643
9645
9646
9648
9650
9651
9653
9654
9656
9658
9659
9661
9663
9664
9666
9667
9669
9671
9672
9674
9676
9677
9679
9680
9682
9684
9685
9687
9689
9690
9692
9693
9695
9697
9698
9700
9702
9703
9705
9707
9708
9710
9711
9713
9715
9716
9718
9720
9721
9723
9724
9726
9728
9729
9731
9733
9734
9736
9737
9739
9741
9742
9744
9746
9747
9749
9750
9752
9754
9755
9757
9759
9760
9762
9763
9765
9767
9768
9770
9772
9773
9775
9777
9778
9780
9781
9783
9785
9786
9788
9790
9791
9793
9794
9796
9798
9799
9801
9803
9804
9806
9807
9809
9811
9812
9814
9816
9817
9819
9820
9822
9824
9825
9827
9829
9830
9832
9833
9835
9837
9838
9840
9842
9843
9845
9846
9848
9850
9851
9853
9855
9856
9858
9860
9861
9863
9864
9866
9868
9869
9871
9873
9874
9876
9877
9879
9881
9882
9884
9886
9887
9889
9890
9892
9894
9895
9897
9899
9900
9902
9903
9905
9907
9908
9910
9912
9913
9915
9916
9918
9920
9921
9923
9925
9926
9928
9930
9931
9933
9934
9936
9938
9939
9941
9943
9944
9946
9947
9949
9951
9952
9954
9956
9957
9959
9960
9962
9964
9965
9967
9969
9970
9972
9973
9975
9977
9978
9980
9982
9983
9985
9986
9988
9990
9991
9993
9995
9996
9998
9999
9999
9997
9995
9994
9992
9990
9989
9987
9985
9984
9982
9981
9979
9977
9976
9974
9972
9971
9969
9968
9966
9964
9963
9961
9959
9958
9956
9955
9953
9951
9950
9948
9946
9945
9943
9942
9940
9938
9937
9935
9933
9932
9930
9929
9927
9925
9924
9922
9920
9919
9917
9915
9914
9912
9911
9909
9907
9906
9904
9902
9901
9899
9898
9896
9894
9893
9891
9889
9888
9886
9885
9883
9881
9880
9878
9876
9875
9873
9872
9870
9868
9867
9865
9863
9862
9860
9859
9857
9855
9854
9852
9850
9849
9847
9845
9844
9842
9841
9839
9837
9836
9834
9832
9831
9829
9828
9826
9824
9823
9821
9819
9818
9816
9815
9813
9811
9810
9808
9806
9805
9803
9802
9800
9798
9797
9795
9793
9792
9790
9789
9787
9785
9784
9782
9780
9779
9777
9776
9774
9772
9771
9769
9767
9766
9764
9762
9761
9759
9758
9756
9754
9753
9751
9749
9748
9746
9745
9743
9741
9740
9738
9736
9735
9733
9732
9730
9728
9727
9725
9723
9722
9720
9719
9717
9715
9714
9712
9710
9709
9707
9706
9704
9702
9701
9699
9697
9696
9694
9692
9691
9689
9688
9686
9684
9683
9681
9679
9678
9676
9675
9673
9671
9670
9668
9666
9665
9663
9662
9660
9658
9657
9655
9653
9652
9650
9649
9647
9645
9644
9642
9640
9639
9637
9636
9634
9632
9631
9629
9627
9626
9624
9622
9621
9619
9618
9616
9614
9613
9611
9609
9608
9606
9605
9603
9601
9600
9598
9596
9595
9593
9592
9590
9588
9587
9585
9583
9582
9580
9579
9577
9575
9574
9572
9570
9569
9567
9566
9564
9562
9561
9559
9557
9556
9554
9553
9551
9549
9548
9546
9544
9543
9541
9539
9538
9536
9535
9533
9531
9530
9528
9526
9525
9523
9522
9520
9518
9517
9515
9513
9512
9510
9509
9507
9505
9504
9502
9500
9499
9497
9496
9494
9492
9491
9489
9487
9486
9484
9483
9481
9479
9478
9476
9474
9473
9471
9469
9468
9466
9465
9463
9461
9460
9458
9456
9455
9453
9452
9450
9448
9447
9445
9443
9442
9440
9439
9437
9435
9434
9432
9430
9429
9427
9426
9424
9422
9421
9419
9417
9416
9414
9413
9411
9409
9408
9406
9404
9403
9401
9400
9398
9396
9395
9393
9391
9390
9388
9386
9385
9383
9382
9380
9378
9377
9375
9373
9372
9370
9369
9367
9365
9364
9362
9360
9359
9357
9356
9354
9352
9351
9349
9347
9346
9344
9343
9341
9339
9338
9336
9334
9333
9331
9330
9328
9326
9325
9323
9321
9320
9318
9316
9315
9313
9312
9310
9308
9307
9305
9303
9302
9300
9299
9297
9295
9294
9292
9290
9289
9287
9286
9284
9282
9281
9279
9277
9276
9274
9273
9271
9269
9268
9266
9264
9263
9261
9260
9258
9256
9255
9253
9251
9250
9248
9246
9245
9243
9242
9240
9238
9237
9235
9233
9232
9230
9229
9227
9225
9224
9222
9220
9219
9217
9216
9214
9212
9211
9209
9207
9206
9204
9203
9201
9199
9198
9196
9194
9193
9191
9190
9188
9186
9185
9183
9181
9180
9178
9177
9175
9173
9172
9170
9168
9167
9165
9163
9162
9160
9159
9157
9155
9154
9152
9150
9149
9147
9146
9144
9142
9141
9139
9137
9136
9134
9133
9131
9129
9128
9126
9124
9123
9121
9120
9118
9116
9115
9113
9111
9110
9108
9107
9105
9103
9102
9100
9098
9097
9095
9093
9092
9090
9089
9087
9085
9084
9082
9080
9079
9077
9076
9074
9072
9071
9069
9067
9066
9064
9063
9061
9059
9058
9056
9054
9053
9051
9050
9048
9046
9045
9043
9041
9040
9038
9037
9035
9033
9032
9030
9028
9027
9025
9024
9022
9020
9019
9017
9015
9014
9012
9010
9009
9007
9006
9004
9002
9001
8999
8997
8996
8994
8993
8991
8989
8988
8986
8984
8983
8981
8980
8978
8976
8975
8973
8971
8970
8968
8967
8965
8963
8962
8960
8958
8957
8955
8954
8952
8950
8949
8947
8945
8944
8942
8940
8939
8937
8936
8934
8932
8931
8929
8927
8926
8924
8923
8921
8919
8918
8916
8914
8913
8911
8910
8908
8906
8905
8903
8901
8900
8898
8897
8895
8893
8892
8890
8888
8887
8885
8884
8882
8880
8879
8877
8875
8874
8872
8870
8869
8867
8866
8864
8862
8861
8859
8857
8856
8854
8853
8851
8849
8848
8846
8844
8843
8841
8840
8838
8836
8835
8833
8831
8830
8828
8827
8825
8823
8822
8820
8818
8817
8815
8814
8812
8810
8809
8807
8805
8804
8802
8801
8799
8797
8796
8794
8792
8791
8789
8787
8786
8784
8783
8781
8779
8778
8776
8774
8773
8771
8770
8768
8766
8765
8763
8761
8760
8758
8757
8755
8753
8752
8750
8748
8747
8745
8744
8742
8740
8739
8737
8735
8734
8732
8731
8729
8727
8726
8724
8722
8721
8719
8717
8716
8714
8713
8711
8709
8708
8706
8704
8703
8701
8700
8698
8696
8695
8693
8691
8690
8688
8687
8685
8683
8682
8680
8678
8677
8675
8674
8672
8670
8669
8667
8665
8664
8662
8661
8659
8657
8656
8654
8652
8651
8649
8648
8646
8644
8643
8641
8639
8638
8636
8634
8633
8631
8630
8628
8626
8625
8623
8621
8620
8618
8617
8615
8613
8612
8610
8608
8607
8605
8604
8602
8600
8599
8597
8595
8594
8592
8591
8589
8587
8586
8584
8582
8581
8579
8578
8576
8574
8573
8571
8569
8568
8566
8564
8563
8561
8560
8558
8556
8555
8553
8551
8550
8548
8547
8545
8543
8542
8540
8538
8537
8535
8534
8532
8530
8529
8527
8525
8524
8522
8521
8519
8517
8516
8514
8512
8511
8509
8508
8506
8504
8503
8501
8499
8498
8496
8494
8493
8491
8490
8488
8486
8485
8483
8481
8480
8478
8477
8475
8473
8472
8470
8468
8467
8465
8464
8462
8460
8459
8457
8455
8454
8452
8451
8449
8447
8446
8444
8442
8441
8439
8438
8436
8434
8433
8431
8429
8428
8426
8425
8423
8421
8420
8418
8416
8415
8413
8411
8410
8408
8407
8405
8403
8402
8400
8398
8397
8395
8394
8392
8390
8389
8387
8385
8384
8382
8381
8379
8377
8376
8374
8372
8371
8369
8368
8366
8364
8363
8361
8359
8358
8356
8355
8353
8351
8350
8348
8346
8345
8343
8341
8340
8338
8337
8335
8333
8332
8330
8328
8327
8325
8324
8322
8320
8319
8317
8315
8314
8312
8311
8309
8307
8306
8304
8302
8301
8299
8298
8296
8294
8293
8291
8289
8288
8286
8285
8283
8281
8280
8278
8276
8275
8273
8272
8270
8268
8267
8265
8263
8262
8260
8258
8257
8255
8254
8252
8250
8249
8247
8245
8244
8242
8241
8239
8237
8236
8234
8232
8231
8229
8228
8226
8224
8223
8221
8219
8218
8216
8215
8213
8211
8210
8208
8206
8205
8203
8202
8200
8198
8197
8195
8193
8192
8190
8188
8187
8185
8184
8182
8180
8179
8177
8175
8174
8172
8171
8169
8167
8166
8164
8162
8161
8159
8158
8156
8154
8153
8151
8149
8148
8146
8145
8143
8141
8140
8138
8136
8135
8133
8132
8130
8128
8127
8125
8123
8122
8120
8118
8117
8115
8114
8112
8110
8109
8107
8105
8104
8102
8101
8099
8097
8096
8094
8092
8091
8089
8088
8086
8084
8083
8081
8079
8078
8076
8075
8073
8071
8070
8068
8066
8065
8063
8062
8060
8058
8057
8055
8053
8052
8050
8049
8047
8045
8044
8042
8040
8039
8037
8035
8034
8032
8031
8029
8027
8026
8024
8022
8021
8019
8018
8016
8014
8013
8011
8009
8008
8006
8005
8003
8001
8000
7998
7996
7995
7993
7992
7990
7988
7987
7985
7983
7982
7980
7979
7977
7975
7974
7972
7970
7969
7967
7965
7964
7962
7961
7959
7957
7956
7954
7952
7951
7949
7948
7946
7944
7943
7941
7939
7938
7936
7935
7933
7931
7930
7928
7926
7925
7923
7922
7920
7918
7917
7915
7913
7912
7910
7909
7907
7905
7904
7902
7900
7899
7897
7896
7894
7892
7891
7889
7887
7886
7884
7882
7881
7879
7878
7876
7874
7873
7871
7869
7868
7866
7865
7863
7861
7860
7858
7856
7855
7853
7852
7850
7848
7847
7845
7843
7842
7840
7839
7837
7835
7834
7832
7830
7829
7827
7826
7824
7822
7821
7819
7817
7816
7814
7812
7811
7809
7808
7806
7804
7803
7801
7799
7798
7796
7795
7793
7791
7790
7788
7786
7785
7783
7782
7780
7778
7777
7775
7773
7772
7770
7769
7767
7765
7764
7762
7760
7759
7757
7756
7754
7752
7751
7749
7747
7746
7744
7742
7741
7739
7738
7736
7734
7733
7731
7729
7728
7726
7725
7723
7721
7720
7718
7716
7715
7713
7712
7710
7708
7707
7705
7703
7702
7700
7699
7697
7695
7694
7692
7690
7689
7687
7686
7684
7682
7681
7679
7677
7676
7674
7673
7671
7669
7668
7666
7664
7663
7661
7659
7658
7656
7655
7653
7651
7650
7648
7646
7645
7643
7642
7640
7638
7637
7635
7633
7632
7630
7629
7627
7625
7624
7622
7620
7619
7617
7616
7614
7612
7611
7609
7607
7606
7604
7603
7601
7599
7598
7596
7594
7593
7591
7589
7588
7586
7585
7583
7581
7580
7578
7576
7575
7573
7572
7570
7568
7567
7565
7563
7562
7560
7559
7557
7555
7554
7552
7550
7549
7547
7546
7544
7542
7541
7539
7537
7536
7534
7533
7531
7529
7528
7526
7524
7523
7521
7520
7518
7516
7515
7513
7511
7510
7508
7506
7505
7503
7502
7500
7498
7497
7495
7493
7492
7490
7489
7487
7485
7484
7482
7480
7479
7477
7476
7474
7472
7471
7469
7467
7466
7464
7463
7461
7459
7458
7456
7454
7453
7451
7450
7448
7446
7445
7443
7441
7440
7438
7436
7435
7433
7432
7430
7428
7427
7425
7423
7422
7420
7419
7417
7415
7414
7412
7410
7409
7407
7406
7404
7402
7401
7399
7397
7396
7394
7393
7391
7389
7388
7386
7384
7383
7381
7380
7378
7376
7375
7373
7371
7370
7368
7366
7365
7363
7362
7360
7358
7357
7355
7353
7352
7350
7349
7347
7345
7344
7342
7340
7339
7337
7336
7334
7332
7331
7329
7327
7326
7324
7323
7321
7319
7318
7316
7314
7313
7311
7310
7308
7306
7305
7303
7301
7300
7298
7297
7295
7293
7292
7290
7288
7287
7285
7283
7282
7280
7279
7277
7275
7274
7272
7270
7269
7267
7266
7264
7262
7261
7259
7257
7256
7254
7253
7251
7249
7248
7246
7244
7243
7241
7240
7238
7236
7235
7233
7231
7230
7228
7227
7225
7223
7222
7220
7218
7217
7215
7213
7212
7210
7209
7207
7205
7204
7202
7200
7199
7197
7196
7194
7192
7191
7189
7187
7186
7184
7183
7181
7179
7178
7176
7174
7173
7171
7170
7168
7166
7165
7163
7161
7160
7158
7157
7155
7153
7152
7150
7148
7147
7145
7144
7142
7140
7139
7137
7135
7134
7132
7130
7129
7127
7126
7124
7122
7121
7119
7117
7116
7114
7113
7111
7109
7108
7106
7104
7103
7101
7100
7098
7096
7095
7093
7091
7090
7088
7087
7085
7083
7082
7080
7078
7077
7075
7074
7072
7070
7069
7067
7065
7064
7062
7060
7059
7057
7056
7054
7052
7051
7049
7047
7046
7044
7043
7041
7039
7038
7036
7034
7033
7031
7030
7028
7026
7025
7023
7021
7020
7018
7017
7015
7013
7012
7010
7008
7007
7005
7004
7002
7000
6999
6997
6995
6994
6992
6990
6989
6987
6986
6984
6982
6981
6979
6977
6976
6974
6973
6971
6969
6968
6966
6964
6963
6961
6960
6958
6956
6955
6953
6951
6950
6948
6947
6945
6943
6942
6940
6938
6937
6935
6934
6932
6930
6929
6927
6925
6924
6922
6921
6919
6917
6916
6914
6912
6911
6909
6907
6906
6904
6903
6901
6899
6898
6896
6894
6893
6891
6890
6888
6886
6885
6883
6881
6880
6878
6877
6875
6873
6872
6870
6868
6867
6865
6864
6862
6860
6859
6857
6855
6854
6852
6851
6849
6847
6846
6844
6842
6841
6839
6837
6836
6834
6833
6831
6829
6828
6826
6824
6823
6821
6820
6818
6816
6815
6813
6811
6810
6808
6807
6805
6803
6802
6800
6798
6797
6795
6794
6792
6790
6789
6787
6785
6784
6782
6781
6779
6777
6776
6774
6772
6771
6769
6768
6766
6764
6763
6761
6759
6758
6756
6754
6753
6751
6750
6748
6746
6745
6743
6741
6740
6738
6737
6735
6733
6732
6730
6728
6727
6725
6724
6722
6720
6719
6717
6715
6714
6712
6711
6709
6707
6706
6704
6702
6701
6699
6698
6696
6694
6693
6691
6689
6688
6686
6684
6683
6681
6680
6678
6676
6675
6673
6671
6670
6668
6667
6665
6663
6662
6660
6658
6657
6655
6654
6652
6650
6649
6647
6645
6644
6642
6641
6639
6637
6636
6634
6632
6631
6629
6628
6626
6624
6623
6621
6619
6618
6616
6614
6613
6611
6610
6608
6606
6605
6603
6601
6600
6598
6597
6595
6593
6592
6590
6588
6587
6585
6584
6582
6580
6579
6577
6575
6574
6572
6571
6569
6567
6566
6564
6562
6561
6559
6558
6556
6554
6553
6551
6549
6548
6546
6545
6543
6541
6540
6538
6536
6535
6533
6531
6530
6528
6527
6525
6523
6522
6520
6518
6517
6515
6514
6512
6510
6509
6507
6505
6504
6502
6501
6499
6497
6496
6494
6492
6491
6489
6488
6486
6484
6483
6481
6479
6478
6476
6475
6473
6471
6470
6468
6466
6465
6463
6461
6460
6458
6457
6455
6453
6452
6450
6448
6447
6445
6444
6442
6440
6439
6437
6435
6434
6432
6431
6429
6427
6426
6424
6422
6421
6419
6418
6416
6414
6413
6411
6409
6408
6406
6405
6403
6401
6400
6398
6396
6395
6393
6392
6390
6388
6387
6385
6383
6382
6380
6378
6377
6375
6374
6372
6370
6369
6367
6365
6364
6362
6361
6359
6357
6356
6354
6352
6351
6349
6348
6346
6344
6343
6341
6339
6338
6336
6335
6333
6331
6330
6328
6326
6325
6323
6322
6320
6318
6317
6315
6313
6312
6310
6308
6307
6305
6304
6302
6300
6299
6297
6295
6294
6292
6291
6289
6287
6286
6284
6282
6281
6279
6278
6276
6274
6273
6271
6269
6268
6266
6265
6263
6261
6260
6258
6256
6255
6253
6252
6250
6248
6247
6245
6243
6242
6240
6238
6237
6235
6234
6232
6230
6229
6227
6225
6224
6222
6221
6219
6217
6216
6214
6212
6211
6209
6208
6206
6204
6203
6201
6199
6198
6196
6195
6193
6191
6190
6188
6186
6185
6183
6182
6180
6178
6177
6175
6173
6172
6170
6169
6167
6165
6164
6162
6160
6159
6157
6155
6154
6152
6151
6149
6147
6146
6144
6142
6141
6139
6138
6136
6134
6133
6131
6129
6128
6126
6125
6123
6121
6120
6118
6116
6115
6113
6112
6110
6108
6107
6105
6103
6102
6100
6099
6097
6095
6094
6092
6090
6089
6087
6085
6084
6082
6081
6079
6077
6076
6074
6072
6071
6069
6068
6066
6064
6063
6061
6059
6058
6056
6055
6053
6051
6050
6048
6046
6045
6043
6042
6040
6038
6037
6035
6033
6032
6030
6029
6027
6025
6024
6022
6020
6019
6017
6016
6014
6012
6011
6009
6007
6006
6004
6002
6001
5999
5998
5996
5994
5993
5991
5989
5988
5986
5985
5983
5981
5980
5978
5976
5975
5973
5972
5970
5968
5967
5965
5963
5962
5960
5959
5957
5955
5954
5952
5950
5949
5947
5946
5944
5942
5941
5939
5937
5936
5934
5932
5931
5929
5928
5926
5924
5923
5921
5919
5918
5916
5915
5913
5911
5910
5908
5906
5905
5903
5902
5900
5898
5897
5895
5893
5892
5890
5889
5887
5885
5884
5882
5880
5879
5877
5876
5874
5872
5871
5869
5867
5866
5864
5862
5861
5859
5858
5856
5854
5853
5851
5849
5848
5846
5845
5843
5841
5840
5838
5836
5835
5833
5832
5830
5828
5827
5825
5823
5822
5820
5819
5817
5815
5814
5812
5810
5809
5807
5806
5804
5802
5801
5799
5797
5796
5794
5793
5791
5789
5788
5786
5784
5783
5781
5779
5778
5776
5775
5773
5771
5770
5768
5766
5765
5763
5762
5760
5758
5757
5755
5753
5752
5750
5749
5747
5745
5744
5742
5740
5739
5737
5736
5734
5732
5731
5729
5727
5726
5724
5723
5721
5719
5718
5716
5714
5713
5711
5709
5708
5706
5705
5703
5701
5700
5698
5696
5695
5693
5692
5690
5688
5687
5685
5683
5682
5680
5679
5677
5675
5674
5672
5670
5669
5667
5666
5664
5662
5661
5659
5657
5656
5654
5653
5651
5649
5648
5646
5644
5643
5641
5640
5638
5636
5635
5633
5631
5630
5628
5626
5625
5623
5622
5620
5618
5617
5615
5613
5612
5610
5609
5607
5605
5604
5602
5600
5599
5597
5596
5594
5592
5591
5589
5587
5586
5584
5583
5581
5579
5578
5576
5574
5573
5571
5570
5568
5566
5565
5563
5561
5560
5558
5556
5555
5553
5552
5550
5548
5547
5545
5543
5542
5540
5539
5537
5535
5534
5532
5530
5529
5527
5526
5524
5522
5521
5519
5517
5516
5514
5513
5511
5509
5508
5506
5504
5503
5501
5500
5498
5496
5495
5493
5491
5490
5488
5486
5485
5483
5482
5480
5478
5477
5475
5473
5472
5470
5469
5467
5465
5464
5462
5460
5459
5457
5456
5454
5452
5451
5449
5447
5446
5444
5443
5441
5439
5438
5436
5434
5433
5431
5430
5428
5426
5425
5423
5421
5420
5418
5417
5415
5413
5412
5410
5408
5407
5405
5403
5402
5400
5399
5397
5395
5394
5392
5390
5389
5387
5386
5384
5382
5381
5379
5377
5376
5374
5373
5371
5369
5368
5366
5364
5363
5361
5360
5358
5356
5355
5353
5351
5350
5348
5347
5345
5343
5342
5340
5338
5337
5335
5333
5332
5330
5329
5327
5325
5324
5322
5320
5319
5317
5316
5314
5312
5311
5309
5307
5306
5304
5303
5301
5299
5298
5296
5294
5293
5291
5290
5288
5286
5285
5283
5281
5280
5278
5277
5275
5273
5272
5270
5268
5267
5265
5264
5262
5260
5259
5257
5255
5254
5252
5250
5249
5247
5246
5244
5242
5241
5239
5237
5236
5234
5233
5231
5229
5228
5226
5224
5223
5221
5220
5218
5216
5215
5213
5211
5210
5208
5207
5205
5203
5202
5200
5198
5197
5195
5194
5192
5190
5189
5187
5185
5184
5182
5180
5179
5177
5176
5174
5172
5171
5169
5167
5166
5164
5163
5161
5159
5158
5156
5154
5153
5151
5150
5148
5146
5145
5143
5141
5140
5138
5137
5135
5133
5132
5130
5128
5127
5125
5124
5122
5120
5119
5117
5115
5114
5112
5110
5109
5107
5106
5104
5102
5101
5099
5097
5096
5094
5093
5091
5089
5088
5086
5084
5083
5081
5080
5078
5076
5075
5073
5071
5070
5068
5067
5065
5063
5062
5060
5058
5057
5055
5054
5052
5050
5049
5047
5045
5044
5042
5041
5039
5037
5036
5034
5032
5031
5029
5027
5026
5024
5023
5021
5019
5018
5016
5014
5013
5011
5010
5008
5006
5005
5003
5001
5000
4998
4997
4995
4993
4992
4990
4988
4987
4985
4984
4982
4980
4979
4977
4975
4974
4972
4971
4969
4967
4966
4964
4962
4961
4959
4957
4956
4954
4953
4951
4949
4948
4946
4944
4943
4941
4940
4938
4936
4935
4933
4931
4930
4928
4927
4925
4923
4922
4920
4918
4917
4915
4914
4912
4910
4909
4907
4905
4904
4902
4901
4899
4897
4896
4894
4892
4891
4889
4888
4886
4884
4883
4881
4879
4878
4876
4874
4873
4871
4870
4868
4866
4865
4863
4861
4860
4858
4857
4855
4853
4852
4850
4848
4847
4845
4844
4842
4840
4839
4837
4835
4834
4832
4831
4829
4827
4826
4824
4822
4821
4819
4818
4816
4814
4813
4811
4809
4808
4806
4804
4803
4801
4800
4798
4796
4795
4793
4791
4790
4788
4787
4785
4783
4782
4780
4778
4777
4775
4774
4772
4770
4769
4767
4765
4764
4762
4761
4759
4757
4756
4754
4752
4751
4749
4748
4746
4744
4743
4741
4739
4738
4736
4734
4733
4731
4730
4728
4726
4725
4723
4721
4720
4718
4717
4715
4713
4712
4710
4708
4707
4705
4704
4702
4700
4699
4697
4695
4694
4692
4691
4689
4687
4686
4684
4682
4681
4679
4678
4676
4674
4673
4671
4669
4668
4666
4665
4663
4661
4660
4658
4656
4655
4653
4651
4650
4648
4647
4645
4643
4642
4640
4638
4637
4635
4634
4632
4630
4629
4627
4625
4624
4622
4621
4619
4617
4616
4614
4612
4611
4609
4608
4606
4604
4603
4601
4599
4598
4596
4595
4593
4591
4590
4588
4586
4585
4583
4581
4580
4578
4577
4575
4573
4572
4570
4568
4567
4565
4564
4562
4560
4559
4557
4555
4554
4552
4551
4549
4547
4546
4544
4542
4541
4539
4538
4536
4534
4533
4531
4529
4528
4526
4525
4523
4521
4520
4518
4516
4515
4513
4512
4510
4508
4507
4505
4503
4502
4500
4498
4497
4495
4494
4492
4490
4489
4487
4485
4484
4482
4481
4479
4477
4476
4474
4472
4471
4469
4468
4466
4464
4463
4461
4459
4458
4456
4455
4453
4451
4450
4448
4446
4445
4443
4442
4440
4438
4437
4435
4433
4432
4430
4428
4427
4425
4424
4422
4420
4419
4417
4415
4414
4412
4411
4409
4407
4406
4404
4402
4401
4399
4398
4396
4394
4393
4391
4389
4388
4386
4385
4383
4381
4380
4378
4376
4375
4373
4372
4370
4368
4367
4365
4363
4362
4360
4358
4357
4355
4354
4352
4350
4349
4347
4345
4344
4342
4341
4339
4337
4336
4334
4332
4331
4329
4328
4326
4324
4323
4321
4319
4318
4316
4315
4313
4311
4310
4308
4306
4305
4303
4302
4300
4298
4297
4295
4293
4292
4290
4289
4287
4285
4284
4282
4280
4279
4277
4275
4274
4272
4271
4269
4267
4266
4264
4262
4261
4259
4258
4256
4254
4253
4251
4249
4248
4246
4245
4243
4241
4240
4238
4236
4235
4233
4232
4230
4228
4227
4225
4223
4222
4220
4219
4217
4215
4214
4212
4210
4209
4207
4205
4204
4202
4201
4199
4197
4196
4194
4192
4191
4189
4188
4186
4184
4183
4181
4179
4178
4176
4175
4173
4171
4170
4168
4166
4165
4163
4162
4160
4158
4157
4155
4153
4152
4150
4149
4147
4145
4144
4142
4140
4139
4137
4136
4134
4132
4131
4129
4127
4126
4124
4122
4121
4119
4118
4116
4114
4113
4111
4109
4108
4106
4105
4103
4101
4100
4098
4096
4095
4093
4092
4090
4088
4087
4085
4083
4082
4080
4079
4077
4075
4074
4072
4070
4069
4067
4066
4064
4062
4061
4059
4057
4056
4054
4052
4051
4049
4048
4046
4044
4043
4041
4039
4038
4036
4035
4033
4031
4030
4028
4026
4025
4023
4022
4020
4018
4017
4015
4013
4012
4010
4009
4007
4005
4004
4002
4000
3999
3997
3996
3994
3992
3991
3989
3987
3986
3984
3982
3981
3979
3978
3976
3974
3973
3971
3969
3968
3966
3965
3963
3961
3960
3958
3956
3955
3953
3952
3950
3948
3947
3945
3943
3942
3940
3939
3937
3935
3934
3932
3930
3929
3927
3926
3924
3922
3921
3919
3917
3916
3914
3913
3911
3909
3908
3906
3904
3903
3901
3899
3898
3896
3895
3893
3891
3890
3888
3886
3885
3883
3882
3880
3878
3877
3875
3873
3872
3870
3869
3867
3865
3864
3862
3860
3859
3857
3856
3854
3852
3851
3849
3847
3846
3844
3843
3841
3839
3838
3836
3834
3833
3831
3829
3828
3826
3825
3823
3821
3820
3818
3816
3815
3813
3812
3810
3808
3807
3805
3803
3802
3800
3799
3797
3795
3794
3792
3790
3789
3787
3786
3784
3782
3781
3779
3777
3776
3774
3773
3771
3769
3768
3766
3764
3763
3761
3760
3758
3756
3755
3753
3751
3750
3748
3746
3745
3743
3742
3740
3738
3737
3735
3733
3732
3730
3729
3727
3725
3724
3722
3720
3719
3717
3716
3714
3712
3711
3709
3707
3706
3704
3703
3701
3699
3698
3696
3694
3693
3691
3690
3688
3686
3685
3683
3681
3680
3678
3676
3675
3673
3672
3670
3668
3667
3665
3663
3662
3660
3659
3657
3655
3654
3652
3650
3649
3647
3646
3644
3642
3641
3639
3637
3636
3634
3633
3631
3629
3628
3626
3624
3623
3621
3620
3618
3616
3615
3613
3611
3610
3608
3606
3605
3603
3602
3600
3598
3597
3595
3593
3592
3590
3589
3587
3585
3584
3582
3580
3579
3577
3576
3574
3572
3571
3569
3567
3566
3564
3563
3561
3559
3558
3556
3554
3553
3551
3550
3548
3546
3545
3543
3541
3540
3538
3537
3535
3533
3532
3530
3528
3527
3525
3523
3522
3520
3519
3517
3515
3514
3512
3510
3509
3507
3506
3504
3502
3501
3499
3497
3496
3494
3493
3491
3489
3488
3486
3484
3483
3481
3480
3478
3476
3475
3473
3471
3470
3468
3467
3465
3463
3462
3460
3458
3457
3455
3453
3452
3450
3449
3447
3445
3444
3442
3440
3439
3437
3436
3434
3432
3431
3429
3427
3426
3424
3423
3421
3419
3418
3416
3414
3413
3411
3410
3408
3406
3405
3403
3401
3400
3398
3397
3395
3393
3392
3390
3388
3387
3385
3384
3382
3380
3379
3377
3375
3374
3372
3370
3369
3367
3366
3364
3362
3361
3359
3357
3356
3354
3353
3351
3349
3348
3346
3344
3343
3341
3340
3338
3336
3335
3333
3331
3330
3328
3327
3325
3323
3322
3320
3318
3317
3315
3314
3312
3310
3309
3307
3305
3304
3302
3300
3299
3297
3296
3294
3292
3291
3289
3287
3286
3284
3283
3281
3279
3278
3276
3274
3273
3271
3270
3268
3266
3265
3263
3261
3260
3258
3257
3255
3253
3252
3250
3248
3247
3245
3244
3242
3240
3239
3237
3235
3234
3232
3230
3229
3227
3226
3224
3222
3221
3219
3217
3216
3214
3213
3211
3209
3208
3206
3204
3203
3201
3200
3198
3196
3195
3193
3191
3190
3188
3187
3185
3183
3182
3180
3178
3177
3175
3174
3172
3170
3169
3167
3165
3164
3162
3161
3159
3157
3156
3154
3152
3151
3149
3147
3146
3144
3143
3141
3139
3138
3136
3134
3133
3131
3130
3128
3126
3125
3123
3121
3120
3118
3117
3115
3113
3112
3110
3108
3107
3105
3104
3102
3100
3099
3097
3095
3094
3092
3091
3089
3087
3086
3084
3082
3081
3079
3077
3076
3074
3073
3071
3069
3068
3066
3064
3063
3061
3060
3058
3056
3055
3053
3051
3050
3048
3047
3045
3043
3042
3040
3038
3037
3035
3034
3032
3030
3029
3027
3025
3024
3022
3021
3019
3017
3016
3014
3012
3011
3009
3008
3006
3004
3003
3001
2999
2998
2996
2994
2993
2991
2990
2988
2986
2985
2983
2981
2980
2978
2977
2975
2973
2972
2970
2968
2967
2965
2964
2962
2960
2959
2957
2955
2954
2952
2951
2949
2947
2946
2944
2942
2941
2939
2938
2936
2934
2933
2931
2929
2928
2926
2924
2923
2921
2920
2918
2916
2915
2913
2911
2910
2908
2907
2905
2903
2902
2900
2898
2897
2895
2894
2892
2890
2889
2887
2885
2884
2882
2881
2879
2877
2876
2874
2872
2871
2869
2868
2866
2864
2863
2861
2859
2858
2856
2854
2853
2851
2850
2848
2846
2845
2843
2841
2840
2838
2837
2835
2833
2832
2830
2828
2827
2825
2824
2822
2820
2819
2817
2815
2814
2812
2811
2809
2807
2806
2804
2802
2801
2799
2798
2796
2794
2793
2791
2789
2788
2786
2785
2783
2781
2780
2778
2776
2775
2773
2771
2770
2768
2767
2765
2763
2762
2760
2758
2757
2755
2754
2752
2750
2749
2747
2745
2744
2742
2741
2739
2737
2736
2734
2732
2731
2729
2728
2726
2724
2723
2721
2719
2718
2716
2715
2713
2711
2710
2708
2706
2705
2703
2701
2700
2698
2697
2695
2693
2692
2690
2688
2687
2685
2684
2682
2680
2679
2677
2675
2674
2672
2671
2669
2667
2666
2664
2662
2661
2659
2658
2656
2654
2653
2651
2649
2648
2646
2645
2643
2641
2640
2638
2636
2635
2633
2632
2630
2628
2627
2625
2623
2622
2620
2618
2617
2615
2614
2612
2610
2609
2607
2605
2604
2602
2601
2599
2597
2596
2594
2592
2591
2589
2588
2586
2584
2583
2581
2579
2578
2576
2575
2573
2571
2570
2568
2566
2565
2563
2562
2560
2558
2557
2555
2553
2552
2550
2548
2547
2545
2544
2542
2540
2539
2537
2535
2534
2532
2531
2529
2527
2526
2524
2522
2521
2519
2518
2516
2514
2513
2511
2509
2508
2506
2505
2503
2501
2500
2498
2496
2495
2493
2492
2490
2488
2487
2485
2483
2482
2480
2478
2477
2475
2474
2472
2470
2469
2467
2465
2464
2462
2461
2459
2457
2456
2454
2452
2451
2449
2448
2446
2444
2443
2441
2439
2438
2436
2435
2433
2431
2430
2428
2426
2425
2423
2422
2420
2418
2417
2415
2413
2412
2410
2409
2407
2405
2404
2402
2400
2399
2397
2395
2394
2392
2391
2389
2387
2386
2384
2382
2381
2379
2378
2376
2374
2373
2371
2369
2368
2366
2365
2363
2361
2360
2358
2356
2355
2353
2352
2350
2348
2347
2345
2343
2342
2340
2339
2337
2335
2334
2332
2330
2329
2327
2325
2324
2322
2321
2319
2317
2316
2314
2312
2311
2309
2308
2306
2304
2303
2301
2299
2298
2296
2295
2293
2291
2290
2288
2286
2285
2283
2282
2280
2278
2277
2275
2273
2272
2270
2269
2267
2265
2264
2262
2260
2259
2257
2256
2254
2252
2251
2249
2247
2246
2244
2242
2241
2239
2238
2236
2234
2233
2231
2229
2228
2226
2225
2223
2221
2220
2218
2216
2215
2213
2212
2210
2208
2207
2205
2203
2202
2200
2199
2197
2195
2194
2192
2190
2189
2187
2186
2184
2182
2181
2179
2177
2176
2174
2172
2171
2169
2168
2166
2164
2163
2161
2159
2158
2156
2155
2153
2151
2150
2148
2146
2145
2143
2142
2140
2138
2137
2135
2133
2132
2130
2129
2127
2125
2124
2122
2120
2119
2117
2116
2114
2112
2111
2109
2107
2106
2104
2102
2101
2099
2098
2096
2094
2093
2091
2089
2088
2086
2085
2083
2081
2080
2078
2076
2075
2073
2072
2070
2068
2067
2065
2063
2062
2060
2059
2057
2055
2054
2052
2050
2049
2047
2046
2044
2042
2041
2039
2037
2036
2034
2033
2031
2029
2028
2026
2024
2023
2021
2019
2018
2016
2015
2013
2011
2010
2008
2006
2005
2003
2002
2000
1998
1997
1995
1993
1992
1990
1989
1987
1985
1984
1982
1980
1979
1977
1976
1974
1972
1971
1969
1967
1966
1964
1963
1961
1959
1958
1956
1954
1953
1951
1949
1948
1946
1945
1943
1941
1940
1938
1936
1935
1933
1932
1930
1928
1927
1925
1923
1922
1920
1919
1917
1915
1914
1912
1910
1909
1907
1906
1904
1902
1901
1899
1897
1896
1894
1893
1891
1889
1888
1886
1884
1883
1881
1880
1878
1876
1875
1873
1871
1870
1868
1866
1865
1863
1862
1860
1858
1857
1855
1853
1852
1850
1849
1847
1845
1844
1842
1840
1839
1837
1836
1834
1832
1831
1829
1827
1826
1824
1823
1821
1819
1818
1816
1814
1813
1811
1810
1808
1806
1805
1803
1801
1800
1798
1796
1795
1793
1792
1790
1788
1787
1785
1783
1782
1780
1779
1777
1775
1774
1772
1770
1769
1767
1766
1764
1762
1761
1759
1757
1756
1754
1753
1751
1749
1748
1746
1744
1743
1741
1740
1738
1736
1735
1733
1731
1730
1728
1726
1725
1723
1722
1720
1718
1717
1715
1713
1712
1710
1709
1707
1705
1704
1702
1700
1699
1697
1696
1694
1692
1691
1689
1687
1686
1684
1683
1681
1679
1678
1676
1674
1673
1671
1670
1668
1666
1665
1663
1661
1660
1658
1657
1655
1653
1652
1650
1648
1647
1645
1643
1642
1640
1639
1637
1635
1634
1632
1630
1629
1627
1626
1624
1622
1621
1619
1617
1616
1614
1613
1611
1609
1608
1606
1604
1603
1601
1600
1598
1596
1595
1593
1591
1590
1588
1587
1585
1583
1582
1580
1578
1577
1575
1573
1572
1570
1569
1567
1565
1564
1562
1560
1559
1557
1556
1554
1552
1551
1549
1547
1546
1544
1543
1541
1539
1538
1536
1534
1533
1531
1530
1528
1526
1525
1523
1521
1520
1518
1517
1515
1513
1512
1510
1508
1507
1505
1504
1502
1500
1499
1497
1495
1494
1492
1490
1489
1487
1486
1484
1482
1481
1479
1477
1476
1474
1473
1471
1469
1468
1466
1464
1463
1461
1460
1458
1456
1455
1453
1451
1450
1448
1447
1445
1443
1442
1440
1438
1437
1435
1434
1432
1430
1429
1427
1425
1424
1422
1420
1419
1417
1416
1414
1412
1411
1409
1407
1406
1404
1403
1401
1399
1398
1396
1394
1393
1391
1390
1388
1386
1385
1383
1381
1380
1378
1377
1375
1373
1372
1370
1368
1367
1365
1364
1362
1360
1359
1357
1355
1354
1352
1350
1349
1347
1346
1344
1342
1341
1339
1337
1336
1334
1333
1331
1329
1328
1326
1324
1323
1321
1320
1318
1316
1315
1313
1311
1310
1308
1307
1305
1303
1302
1300
1298
1297
1295
1294
1292
1290
1289
1287
1285
1284
1282
1281
1279
1277
1276
1274
1272
1271
1269
1267
1266
1264
1263
1261
1259
1258
1256
1254
1253
1251
1250
1248
1246
1245
1243
1241
1240
1238
1237
1235
1233
1232
1230
1228
1227
1225
1224
1222
1220
1219
1217
1215
1214
1212
1211
1209
1207
1206
1204
1202
1201
1199
1197
1196
1194
1193
1191
1189
1188
1186
1184
1183
1181
1180
1178
1176
1175
1173
1171
1170
1168
1167
1165
1163
1162
1160
1158
1157
1155
1154
1152
1150
1149
1147
1145
1144
1142
1141
1139
1137
1136
1134
1132
1131
1129
1128
1126
1124
1123
1121
1119
1118
1116
1114
1113
1111
1110
1108
1106
1105
1103
1101
1100
1098
1097
1095
1093
1092
1090
1088
1087
1085
1084
1082
1080
1079
1077
1075
1074
1072
1071
1069
1067
1066
1064
1062
1061
1059
1058
1056
1054
1053
1051
1049
1048
1046
1044
1043
1041
1040
1038
1036
1035
1033
1031
1030
1028
1027
1025
1023
1022
1020
1018
1017
1015
1014
1012
1010
1009
1007
1005
1004
1002
1001
999
997
996
994
992
991
989
988
986
984
983
981
979
978
976
974
973
971
970
968
966
965
963
961
960
958
957
955
953
952
950
948
947
945
944
942
940
939
937
935
934
932
931
929
927
926
924
922
921
919
918
916
914
913
911
909
908
906
905
903
901
900
898
896
895
893
891
890
888
887
885
883
882
880
878
877
875
874
872
870
869
867
865
864
862
861
859
857
856
854
852
851
849
848
846
844
843
841
839
838
836
835
833
831
830
828
826
825
823
821
820
818
817
815
813
812
810
808
807
805
804
802
800
799
797
795
794
792
791
789
787
786
784
782
781
779
778
776
774
773
771
769
768
766
765
763
761
760
758
756
755
753
752
750
748
747
745
743
742
740
738
737
735
734
732
730
729
727
725
724
722
721
719
717
716
714
712
711
709
708
706
704
703
701
699
698
696
695
693
691
690
688
686
685
683
682
680
678
677
675
673
672
670
668
667
665
664
662
660
659
657
655
654
652
651
649
647
646
644
642
641
639
638
636
634
633
631
629
628
626
625
623
621
620
618
616
615
613
612
610
608
607
605
603
602
600
598
597
595
594
592
590
589
587
585
584
582
581
579
577
576
574
572
571
569
568
566
564
563
561
559
558
556
555
553
551
550
548
546
545
543
542
540
538
537
535
533
532
530
529
527
525
524
522
520
519
517
515
514
512
511
509
507
506
504
502
501
499
498
496
494
493
491
489
488
486
485
483
481
480
478
476
475
473
472
470
468
467
465
463
462
460
459
457
455
454
452
450
449
447
445
444
442
441
439
437
436
434
432
431
429
428
426
424
423
421
419
418
416
415
413
411
410
408
406
405
403
402
400
398
397
395
393
392
390
389
387
385
384
382
380
379
377
376
374
372
371
369
367
366
364
362
361
359
358
356
354
353
351
349
348
346
345
343
341
340
338
336
335
333
332
330
328
327
325
323
322
320
319
317
315
314
312
310
309
307
306
304
302
301
299
297
296
294
292
291
289
288
286
284
283
281
279
278
276
275
273
271
270
268
266
265
263
262
260
258
257
255
253
252
250
249
247
245
244
242
240
239
237
236
234
232
231
229
227
226
224
222
221
219
218
216
214
213
211
209
208
206
205
203
201
200
198
196
195
193
192
190
188
187
185
183
182
180
179
177
175
174
172
170
169
167
166
164
162
161
159
157
156
154
153
151
149
148
146
144
143
141
139
138
136
135
133
131
130
128
126
125
123
122
120
118
117
115
113
112
110
109
107
105
104
102
100
99
97
96
94
92
91
89
87
86
84
83
81
79
78
76
74
73
71
69
68
66
65
63
61
60
58
56
55
53
52
50
48
47
45
43
42
40
39
37
35
34
32
30
29
27
26
24
22
21
19
17
16
14
13
11
9
8
6
4
3
1
0
