5120
1983
1904
2131
6979
5974
6240
9395
9524
4641
1932
8755
6356
5074
8299
9545
7161
6926
1229
7384
1130
1160
3329
7850
7440
5996
7186
6873
6746
2900
3617
3098
5467
6042
4415
4150
6143
987
849
6038
9531
8356
5814
8443
4657
1580
6020
5000
3955
622
5358
316
7759
5489
5426
7695
5576
8885
750
5305
2869
3789
8707
6089
3091
8627
5698
9481
1974
6108
4243
4572
5404
2922
6901
4944
7378
9288
2607
5862
9377
2581
5413
986
7520
8544
8007
2609
7453
5772
9315
9135
1989
1120
7402
3251
3808
2206
6095
1503
5115
2333
2172
7399
4845
1334
5471
3541
2619
6504
8338
3847
2023
2920
1464
7254
482
9112
1171
3619
2466
3922
9235
1424
6351
8258
3049
4585
2856
7918
569
5293
1907
9938
7054
8541
4641
9244
1719
6607
5919
657
5807
8543
8937
8394
4506
1923
3721
5710
1228
5050
6141
8381
7236
3488
4967
1015
1733
1904
7997
2663
7589
4839
6545
6287
414
6224
9595
7025
5313
3650
3634
2599
3867
2258
219
7599
3728
4438
9400
6039
3924
6856
1137
4561
8649
7059
6111
355
1906
8221
5765
9693
9157
16
8778
1512
5071
5766
4721
2872
6962
1921
3658
4045
8410
7845
9649
8956
1117
7843
4707
7925
7408
8978
3249
8193
3174
876
2542
5625
1907
4930
850
4918
8287
3517
2353
9296
3383
9155
1446
5125
3693
1681
2472
233
5727
5099
8303
8836
6309
1885
2640
2637
5796
2493
6931
817
799
1648
1254
143
2734
9173
7770
9539
3975
2130
2651
6349
776
329
605
909
9110
6614
2130
302
7439
8248
2425
5180
1740
697
7216
8739
8947
9132
7562
3573
7001
9442
2315
1896
8693
6153
8384
5578
7263
546
6955
2385
8039
6349
4044
7764
4530
8643
5452
63
8686
3904
6995
3015
7783
6491
8857
2779
963
6659
3370
2882
4583
2040
9410
5655
6957
2578
7095
5966
7517
2482
134
8930
9720
6020
3942
7004
2259
4509
9257
8978
5312
7399
8017
4650
4665
2422
4063
7945
3942
4502
2086
5244
1966
8179
2286
2914
409
7765
4741
6580
6132
2310
9440
386
8702
3457
4399
5484
5423
3096
8654
6681
5257
402
7927
823
6262
527
4309
2128
4241
7945
7380
3110
2705
8010
3620
1467
5743
7748
7325
4735
2344
9537
2828
8390
4062
8295
9675
4613
1562
9799
4766
4665
9628
5155
3242
4645
5955
8826
3968
9494
215
7985
4615
820
4163
5135
2248
2823
7681
5173
1683
7731
942
8392
5582
4914
3340
2604
7646
6845
3846
8127
1630
9399
4590
944
9916
3909
5427
9978
4483
8750
702
8929
2611
1483
8363
9511
5533
74
5620
3131
5994
4213
6665
9183
3980
5002
796
4436
2492
4823
5001
6580
3009
2357
1043
1644
946
6077
9994
4388
9587
3035
4040
2476
6620
398
8330
2885
3384
9128
44
2890
8984
8409
6861
7721
8199
9074
8194
785
3545
9880
4374
6281
2844
3256
1343
6443
4385
7985
524
3099
292
7458
6074
5896
950
7537
7446
4958
8700
7701
3245
5702
3152
3409
3535
859
1461
4046
8993
25
665
3203
2306
1187
1155
1140
9478
3537
3595
4692
5534
7029
5513
952
5048
1400
7397
7513
2658
5862
4190
9429
1578
3907
4806
9219
1889
6568
4634
6722
8591
9966
4832
813
2112
4582
3449
9740
859
9570
9813
4826
2579
2340
5174
7663
9942
6657
2253
2249
4210
2065
2657
2092
2024
5045
8126
9027
3673
2837
6249
2353
1614
7286
6210
393
7604
9909
1122
438
3811
8531
4116
7768
4415
5676
6240
780
4887
6629
1138
5606
8299
9410
137
8254
283
6465
7916
8228
9723
6518
695
8177
802
820
2835
43
1746
2357
7251
9621
2562
3686
2634
9089
6214
8370
2171
9539
4320
3850
1336
4483
8128
3357
7100
1902
471
7274
9908
4506
9193
6527
8167
6708
2817
9740
2311
776
158
9497
2304
7292
6267
2497
3069
6202
2141
3210
4234
1368
6789
4482
7491
4453
3301
2584
1420
4674
7296
4435
9882
9850
7993
2403
9150
6719
7517
3842
7650
5395
93
2551
1724
6433
2500
6455
8911
8486
2039
3832
6497
3694
9626
3763
344
4703
6799
5317
1437
9020
3353
6339
8450
8903
127
3575
7951
3975
6059
2363
8952
3009
8850
6705
7083
9958
7583
8492
8614
6681
8424
319
6069
7115
6866
8176
5865
213
1105
6329
7956
4609
5383
6731
6416
1142
253
3982
9007
4238
5039
3962
4637
9925
7794
5835
5330
2896
8561
1541
7061
6888
9941
8244
4442
2818
6019
7821
3099
9596
7327
183
8084
8965
3758
1664
6872
4922
9033
5645
8466
5913
3229
770
8518
3348
4735
6970
6325
1475
7678
9380
95
8294
3233
3098
6787
5014
6447
1999
4162
9223
893
2564
8146
2157
929
5863
6798
8871
3334
8408
4075
8732
1529
6185
69
7936
159
226
3879
4467
4713
8511
9594
9159
8704
5462
469
4925
4715
392
5650
7610
8352
5972
194
8555
3238
9394
8230
8802
1112
5107
4942
7483
6454
498
6895
5168
54
8487
7661
6980
8184
2312
7945
176
8214
7788
7043
3417
1546
5582
8560
4330
8858
7018
2998
9939
6015
3767
3397
8446
1972
2785
4064
7193
6025
9330
6745
21
6102
6076
7914
8394
9933
5
2127
7845
5720
288
5234
7775
5746
7636
558
1755
2306
1051
2181
11
1233
6441
8605
9232
7933
1223
1669
8892
7174
8011
3605
1413
2613
6
4563
7209
7645
9529
9090
2649
921
4661
8341
9139
9733
846
418
7808
5785
8251
225
502
1280
1244
3859
9291
8935
5752
384
4935
1216
8898
6872
7252
5270
9272
8187
7333
6155
8056
7893
6176
4782
575
6273
4889
5688
7136
7502
6957
3861
573
2927
2216
8799
8964
6635
819
3958
9017
6757
1261
3421
860
3783
9589
2974
6727
5511
7633
4925
71
9628
6686
6297
2820
7417
757
2367
8910
5175
3158
1897
422
8434
6724
1716
9254
7866
3709
8767
7278
6361
9348
5231
876
2212
1692
687
8999
2987
6579
5253
4840
4922
1992
5728
1078
8786
8011
8061
6685
8450
3744
4825
2745
1774
7584
3505
8245
3842
6716
213
6346
4304
1310
9771
6870
5669
8734
1599
5339
4074
4733
9880
3345
7461
530
838
9562
4240
9295
1400
751
2849
1615
1802
7916
9401
8558
7707
2884
5737
3141
6092
3954
1213
8352
1636
894
7020
8766
7713
9113
6376
5860
6106
8117
7792
8111
5952
7379
1797
5076
3826
3978
6442
5669
9951
2625
7204
4195
4981
8281
5985
3915
2633
4586
7333
5198
1040
3417
8879
7184
9626
2674
714
2365
7646
2664
6799
3683
5904
9702
920
4288
1680
8641
5104
1305
7516
7100
1382
7155
3461
823
5119
738
2943
2373
8443
5980
3057
4441
5424
4185
269
429
2755
1098
6234
2862
8518
770
924
615
8875
7205
7253
5336
3526
2924
1765
210
6416
850
701
2546
9800
4863
2146
7528
7188
4222
3116
4788
6421
2188
7838
7980
8344
7152
5728
9691
9913
8050
7351
8521
5187
2649
4983
4035
4050
2740
6991
9127
4969
5188
5410
2095
8718
4853
3478
5303
1635
8056
9349
4204
6193
1662
9857
4868
4221
5315
3269
2180
1884
9940
230
529
707
5662
952
5462
3126
5237
6445
527
5826
2909
7944
9760
3351
6473
9312
4838
189
4942
4832
5991
327
1378
203
7992
6901
3031
9164
3451
6163
7406
7964
4803
3823
7497
4141
6374
6424
754
2611
5405
4578
97
5171
5467
102
2494
5843
5128
4677
1491
3984
1161
8285
9901
5375
4973
7893
3983
6651
758
866
4179
3565
8370
3996
3502
9914
7046
9803
8255
2230
2726
3419
6340
3158
3411
6478
7208
4467
881
4256
5757
7914
5588
902
562
81
2791
9776
7521
9444
6600
4638
8600
3373
1011
4318
3313
9842
6313
3395
2752
7897
3037
5313
825
8822
8956
5013
1932
5061
4550
8434
6254
5810
8333
1094
3077
309
3529
9563
9647
9164
6661
9321
2768
5889
1770
2216
3414
4715
8693
4387
3674
9824
9160
3769
2678
9399
8410
6622
9677
9595
955
6446
4396
2444
4025
2289
2427
9232
9992
9273
5391
7847
8017
2296
2719
908
858
1071
241
4695
8238
2913
7889
8767
360
8855
5469
8989
4705
6300
6224
4011
7268
1032
137
4556
8171
4522
1415
5317
7608
6495
4499
3033
4849
6399
506
3362
3112
9030
5654
3739
6358
1920
152
1819
1844
5870
5844
4811
1494
5557
6840
7593
996
2341
5370
6869
5590
2727
3454
5848
9724
5808
9457
8885
2791
5730
6356
984
6840
3330
5656
2795
5314
9460
9843
4775
5966
4978
7261
5943
9372
700
7514
6263
5088
3529
6195
4412
2720
7403
6195
3598
4601
3841
2235
3408
8905
8358
850
1265
701
870
4189
6442
5799
369
8903
1143
1467
8088
4333
3651
7942
1637
5481
8667
9276
9063
7400
693
7629
1002
4442
4442
7811
8837
7014
6414
2986
6541
4599
9537
3148
8759
5703
1965
5592
8347
8759
7599
654
1972
2152
9619
7178
995
6969
761
5835
7556
2989
420
3775
6696
5800
1648
6205
1969
5286
4403
6382
9388
7000
9052
840
9481
924
1864
4073
7686
8327
8788
2972
8761
9858
3885
9211
1052
5183
4131
7938
8243
934
2668
4316
2985
8304
2997
5404
2344
1519
7954
3913
3976
7768
8535
5975
8606
5038
7855
2526
6214
1260
5049
4633
1740
4735
4435
2126
4627
9150
5535
3237
9160
2903
4818
8390
4081
791
8219
6275
111
2021
3457
9647
9715
6859
3621
3530
5373
18
1014
8283
3295
1305
8547
3689
7568
5011
987
1477
1900
3626
2864
2871
4505
3747
8954
4995
2740
7008
4680
9400
3130
8955
9922
1317
371
1638
6586
2840
8504
7484
5296
197
6341
5155
4084
9407
2986
4129
9479
166
1323
7288
9626
5709
2743
9616
664
9094
9686
8943
9728
8525
6460
5799
2026
3054
6490
4188
3610
6371
2195
4880
7202
6190
8732
8941
2914
5199
5117
79
875
5091
7268
1851
4098
3418
7561
6640
6784
5187
6299
5657
9525
9302
3529
1467
9180
3117
1966
8705
8570
2832
995
306
3280
5660
24
3980
3937
5039
4494
6191
6909
4994
827
7720
6859
4419
2256
7432
7301
2174
5911
6737
4557
9720
934
6829
5294
7368
9121
6202
4365
7491
9308
662
9310
3138
8253
8867
8835
7889
4384
7943
8367
1302
7476
3266
4889
4076
7923
861
3500
3100
3647
5852
7019
4055
6935
6367
98
1122
1577
8475
2535
4111
2625
3039
5440
6804
64
3526
3662
6570
3784
3929
4918
2995
7763
638
8641
1193
8724
8689
4857
7824
5813
6221
1236
8391
1567
3862
5629
9712
8344
1142
4061
2217
6087
8483
8537
1782
3059
7034
8005
989
2121
4602
998
7182
7692
3439
3781
6029
8119
7385
2048
7053
4318
5240
7850
7083
579
647
8867
7300
1236
5954
3042
4212
9233
9941
9550
2060
4907
7266
5196
3103
7624
3422
7011
8153
6595
1753
2267
3805
3265
1257
5188
6601
3214
7378
2803
1608
38
3284
471
3460
4320
400
3322
7829
3620
7048
2547
9899
1964
3378
3624
8948
233
7657
1056
9578
5645
3633
919
6076
6581
1701
8186
2871
2154
814
7378
7649
9229
4642
7791
18
3983
1062
6233
4784
3923
4289
2539
3733
1131
1999
9212
2399
7103
7823
1378
2340
3852
1226
6491
303
3736
8720
9142
2348
9268
4113
332
8219
6235
1812
1261
9060
2935
1560
6692
3816
9075
8692
9452
4640
7450
8141
6172
6005
894
5012
5821
9163
4709
6073
7309
1882
3390
6672
5100
9482
9073
4878
1908
4074
2501
5536
8726
4029
8331
7064
414
9123
8775
6310
5464
3055
3183
2399
4460
4490
779
7804
7413
4883
3964
4449
3408
8832
5930
1464
144
470
1686
7497
62
8402
2910
2825
6797
4818
6671
8701
4076
6690
36
2825
2020
6758
6268
1113
9153
4385
8810
9770
1422
7152
6150
4710
1225
4487
5985
1851
7845
8133
6117
9223
3982
566
3083
146
1896
7589
7286
3688
9296
4268
2749
2002
7636
8170
3910
1999
5454
5391
4414
1972
2315
3735
2373
2797
4090
5536
7446
5966
1520
8090
2180
7228
6985
5067
4767
6289
1161
4124
8134
6319
8624
7475
4343
2852
7131
5741
4610
5318
1287
696
3563
5228
305
1994
6734
1497
1049
8082
4029
2758
7077
8873
4581
3866
7778
2260
2223
3896
213
5081
4642
6438
2639
9420
2517
4645
6127
6421
8018
9698
9985
2543
7703
8200
5908
8623
3190
1647
7706
799
4364
8661
1912
7798
4814
3047
1917
1590
9407
8797
1728
8066
2750
8751
6354
8346
9900
1448
8034
8564
7836
6198
2319
8649
1939
9834
4216
8857
2799
8850
2687
5291
3300
1072
8973
9830
1585
1159
5279
6581
1666
4482
8157
6090
414
6945
3083
674
5840
7344
9833
9568
7123
4326
9573
4809
7590
8567
8944
5932
1423
3894
8030
2620
7883
5163
8887
5979
2564
5325
8666
1396
4716
7084
7970
6245
8710
9565
7616
5592
3636
243
6695
3948
6522
8054
4199
8229
4801
3059
2546
5436
6984
9632
9642
2420
6837
8442
8891
4571
8442
941
3493
6456
5426
3615
3329
663
3418
3289
8612
1391
9628
9059
9986
3437
439
4731
570
2574
9659
9810
7040
5438
2464
6147
6280
6440
8230
2305
1709
9336
4662
7356
353
3861
696
2591
351
8501
9598
4569
9484
7132
8541
1381
5052
9285
716
9529
2369
1995
3941
9480
5374
8676
6825
7796
4954
4667
9840
3092
416
2264
2638
2829
2452
4446
849
7920
799
3858
9478
9344
4859
6867
3387
1678
7802
5769
847
1715
3728
7678
438
7385
6338
7012
1545
5830
1206
7634
3114
7430
5834
447
6869
3172
7328
2073
5841
5989
4599
3905
2518
322
2693
8247
3513
8224
9184
9422
2403
4701
4300
3372
7136
8232
5406
6049
9666
1950
6752
6849
8054
3565
5437
511
9790
2246
604
5895
8558
6148
9193
120
418
564
2094
5581
6268
7872
5874
2295
8220
4395
4424
1689
5207
2203
5496
3775
1402
1086
3754
3163
3464
7659
3854
1517
639
3559
7209
2447
3625
3440
8778
1610
782
9913
4907
9977
6807
5890
3331
9064
3341
8499
8824
8424
6816
6213
8241
450
3076
9709
8362
2325
837
4454
417
7326
8395
1833
1933
9475
4392
1900
9566
8716
3967
9749
6655
286
7871
9049
6824
2757
3660
2214
4864
4958
8479
3817
2352
2382
8147
2412
2627
8594
65
7360
8169
4597
6982
8387
5563
4183
7055
3885
3033
3424
6567
4109
2190
5729
1351
4731
7653
3378
3948
8682
5685
7726
7895
3004
2616
6952
7933
2145
9337
2712
8671
6558
6412
3093
3604
8358
7639
8513
9425
5368
5198
9932
107
68
5165
3781
3476
6923
3694
5156
9249
4882
1674
9421
6332
6274
444
7058
3461
2496
3473
7929
4755
6532
6460
1620
9337
3512
6694
8947
7795
5375
1186
7426
7183
7199
1391
7040
1785
940
2310
4926
1071
4963
9395
4559
19
1312
2369
4930
671
9020
3742
8633
6162
7958
9998
6134
9209
6893
6971
2417
6425
7879
6761
1384
2808
6289
1432
8180
4779
8692
7714
6307
458
3504
1685
3127
6016
5832
8315
9947
7695
5209
6276
9741
7952
1864
7125
5501
2775
4935
4522
6736
4437
5940
5959
6017
504
6319
9788
6469
1597
5365
8807
5145
9638
925
6019
7659
870
5599
6749
7585
4536
1404
8408
441
3264
5182
6871
3775
3241
2252
7079
772
3454
58
7583
1585
6308
5979
8848
1560
8836
8548
7814
1555
4071
9647
5937
268
5514
1336
4333
6968
8480
2680
2716
7889
1671
1531
6582
7534
7890
1168
2359
913
9798
3501
7799
4877
9409
876
6599
1537
2932
6886
2246
2294
5905
3210
7091
1233
3887
7865
4205
5893
954
626
3990
7960
1864
1509
4599
2448
9079
406
7437
4698
5809
8064
4289
2535
6913
7972
53
4596
8736
7517
9273
7156
4184
8160
5406
2124
2266
4709
6882
1754
8362
1516
2682
6771
7112
5375
8286
5720
8170
9218
4669
1428
3716
457
2866
261
9034
9239
8910
4980
3660
3998
5445
5571
6336
6071
5397
3186
5150
9999
6272
1709
4372
8125
5050
6678
6122
9020
750
4234
2864
6329
8812
1011
9683
6411
6589
4170
158
3625
6567
9846
1661
4892
8699
8165
189
9139
4124
7974
4560
4909
2762
3329
4284
3591
8860
212
3027
7745
2797
6698
173
7839
4205
9786
8529
9065
7336
6954
3043
1743
6899
4029
4551
9069
9362
1232
9971
631
7191
2365
2115
1377
1430
4490
9094
7982
9284
7554
7238
3315
3821
8781
5493
7238
6804
1758
7683
2376
693
1609
7131
3469
2982
3855
2333
6260
9917
5351
951
9735
4027
7867
7484
7537
9206
2812
1638
6790
5076
6659
9720
3284
8627
8597
4620
8980
6405
2338
3692
5965
1673
3739
1756
1909
645
4381
2628
7156
1743
430
891
1256
7915
5907
5838
7503
2575
8924
4193
3188
2130
5852
4668
3737
1426
3432
4567
7677
5349
2908
7024
1466
9032
5892
4409
2045
9363
2862
63
1347
1709
8554
3668
653
8011
5354
734
624
2340
1980
7337
3036
7297
9073
7479
3350
2240
329
152
5571
247
6125
6724
5732
4997
7769
7541
4921
2580
4004
6514
3971
2075
7965
7942
2043
1648
1956
8832
5912
9995
4418
5683
7296
4181
69
957
8975
8463
2508
6436
4573
7487
4764
7820
9183
2789
5757
8550
7324
9965
8484
9555
5626
2829
6365
9878
4372
8493
7492
9095
2411
86
1793
6627
4503
8259
7358
9569
1735
6260
7077
7184
2092
6226
3051
8715
9119
4829
4564
7471
7962
5312
7985
803
5578
9350
6541
7142
8671
534
7887
8295
157
7018
9964
5149
626
1262
7181
9239
9108
2531
4665
5390
1446
4339
9775
5798
1015
7102
4786
9619
3720
3811
1600
6137
3640
9675
8481
6139
3470
6752
3993
1125
5313
555
2778
4342
759
1242
5481
6132
5753
3056
5066
9843
7823
9030
4843
4385
3837
4095
555
3240
6873
3066
5109
6743
9944
6144
4637
6874
4005
2413
1205
8373
8477
1164
4508
96
7385
955
1508
4492
6681
4862
2110
2932
7994
5935
5716
1470
1444
4467
7715
2097
3330
6183
804
6497
5134
9481
5445
6453
2424
4259
2696
8762
8227
2307
8087
5296
2221
6518
7619
3602
1881
4770
7112
4355
3707
1939
6350
8468
9087
941
3967
7538
6422
5920
880
5724
6702
9018
3405
8466
9884
3830
6886
3449
9609
1618
1872
747
999
2622
8137
5563
3278
8512
5324
7974
2471
6485
6141
6565
339
2706
9409
6575
3481
9128
3517
331
8444
8054
6474
4643
1413
4792
1362
7829
6913
3630
3002
6547
6409
3303
5211
9482
5034
6028
6382
9151
2017
8489
4084
4901
1941
7558
6479
252
672
9428
4977
35
4171
2658
959
3214
1846
5839
2801
6818
9633
2202
2953
7629
9401
3046
5501
8244
3362
1929
451
2404
9453
4323
920
6777
5559
1964
4748
2493
6142
2070
3566
2904
9265
3842
80
1429
4531
4750
6854
4870
7179
7324
5217
4078
3227
7086
8578
9932
618
7549
2013
1431
1392
7880
7692
1381
8158
873
3228
3014
488
3380
2456
8989
5408
9402
8385
8430
8272
4378
7943
6626
9604
3382
3286
7496
7601
9219
8735
5479
790
7210
3954
3102
8638
9003
277
5436
2110
5442
7668
3419
4593
7794
1413
3926
4110
205
70
7692
9874
5333
5110
4077
2496
5453
9820
5937
1154
4345
3096
9080
3738
1620
1044
988
8329
7521
2215
5778
2155
505
1702
5472
5726
9602
7623
2440
7997
9664
3971
8050
2221
9653
7911
3657
6931
7061
5304
4619
2095
7573
6784
1316
4474
8193
3721
276
8887
8476
3509
7260
6569
7266
6520
2553
7361
1226
4371
9239
9954
4951
4349
8774
4180
8334
6607
2298
896
8657
9645
9932
3534
8058
1692
3022
9433
3891
8564
9404
4044
8370
5844
7118
8828
9379
9917
3418
1857
781
6108
6038
8273
3286
4695
8747
8875
6450
7666
2741
5773
407
8670
1111
5251
1292
3120
1179
2253
3248
7306
359
6155
6246
8488
8315
9831
8702
2104
8071
4015
2655
6903
1514
9518
7137
3684
1461
3783
5543
7348
5901
2525
7321
1937
7647
1057
3296
9199
14
6536
666
5117
5705
9544
2141
4948
6520
3456
2696
8080
7828
9393
4549
4215
1030
6589
3675
3210
7767
1899
1824
600
9671
4707
2476
5178
1930
1548
9608
1838
348
5551
2485
1203
8869
296
9434
9501
5240
5241
5141
390
9381
5387
9282
1714
2815
2738
3017
7741
7271
1083
2722
8851
5847
9301
7172
2427
8427
3513
4554
7617
8057
6903
4279
7726
5617
8910
5633
9063
0
6296
4840
6703
6575
9632
4138
938
5928
3361
9087
3871
4520
8124
8991
7704
1600
837
9860
8201
5269
6491
9642
8443
1464
6018
1426
9156
6080
6575
454
3989
7971
7631
1303
1424
4420
3076
7554
2819
8070
6573
9137
6613
3150
977
4477
1772
9078
648
2273
1113
3454
1398
4122
401
6093
3797
459
6424
7158
6190
7054
8684
3942
6067
6516
5627
9881
4956
2525
3715
8140
4268
8594
3300
2941
6671
8607
7523
1310
1986
543
3070
9257
79
9280
4119
1182
5652
982
5023
4407
7951
6907
4912
8908
568
6532
230
6786
7851
7359
1163
8511
5600
7400
447
233
5497
4650
6913
5420
6743
8930
8972
1562
4905
288
7792
5180
1187
9175
3451
5367
3207
7716
5732
2426
962
2667
8420
9268
3701
3020
6866
3810
15
6133
6474
8550
4515
9073
8089
5795
1691
2318
8343
2405
6729
9084
6449
1389
7030
1057
5601
2250
4761
2378
4845
4755
4517
9932
4842
6625
9087
7129
1274
2378
2699
4573
89
7176
1122
184
9711
792
2546
5782
3811
1486
1938
234
8333
1509
6656
7338
1606
660
3690
2755
3983
9116
6661
1308
6874
2127
8637
6185
5400
3979
8761
6406
1824
2643
2026
9635
4105
6814
3216
3871
708
2136
5977
6045
1993
9447
6199
4244
3565
5913
2477
7202
7341
3865
1318
192
4425
7824
3233
8096
6944
9368
2413
2
8531
8987
8893
631
5785
7690
5449
5069
8799
4905
9745
3721
9673
8456
2525
659
4330
3501
7494
6539
3244
2765
4571
4217
1820
5193
2705
7650
1749
8949
4059
8055
1847
2932
1169
6167
7060
479
3664
6916
7143
9764
8686
19
8705
7579
4728
3005
3873
9860
5914
1091
143
7196
5114
782
9142
3423
7777
5684
6060
8567
4279
1527
6095
8530
1786
3031
7245
8466
3019
1848
4608
5117
2997
1454
8260
6021
9642
4532
3174
5522
204
8861
1612
9979
3557
2177
6619
948
6628
6857
3160
866
3701
5974
7327
1449
1115
6908
2473
5046
6172
7212
9870
4489
5113
3902
8567
8585
7128
5197
8526
5868
2465
2077
2964
190
6769
6072
4687
3694
1534
8293
3518
2841
840
8666
987
9886
2872
5816
6412
336
6120
7893
5301
4602
1839
3288
8317
108
327
3116
6059
8724
7292
3927
6878
7960
5411
5605
8982
6560
3764
8589
9314
5312
1238
7125
8823
6067
4614
1953
9001
1379
4899
4871
3049
5605
2937
942
1836
7058
7433
6725
5747
1455
7185
8256
636
4606
1213
6588
8437
7021
3145
2404
2472
477
4561
8476
1719
5325
7352
3755
2197
3188
242
982
5007
926
1662
3830
661
7438
7635
5691
9273
2065
6485
3915
6963
8275
4756
8915
5342
3867
7650
4350
723
6657
3007
5619
2720
2928
8131
4472
3044
6215
2695
4501
4969
9273
8912
2148
5967
9620
9384
5236
4673
8159
8795
1260
6
9516
4620
2364
6759
3453
9538
1296
8120
4098
3074
5150
436
5905
5242
4622
9161
6415
8678
617
7389
1674
7571
5306
5260
7593
3774
274
8495
2491
3752
9656
4091
6828
5401
5676
5315
8390
2333
2076
8042
6884
8767
4000
8185
6146
3697
2832
8729
5392
4261
3686
6558
2549
5067
3662
8161
4321
7544
4602
8248
8138
4703
8881
4915
1320
6159
23
278
108
9896
2920
6190
491
7098
4046
6210
8504
3341
4083
312
2191
3799
4544
5088
6639
573
2147
6465
3279
6601
9087
734
4161
2900
1549
3397
4867
1249
2097
1668
194
2678
1224
4184
9113
4199
5564
5043
9352
9921
1882
7049
704
2944
8603
3640
3738
429
2350
3281
2695
4711
2199
4199
626
8012
1312
6675
6562
773
8893
7473
6556
3244
446
4091
7685
4682
5822
6545
948
1633
7833
2577
486
5699
6298
7368
8219
4686
2033
6453
3374
6212
7652
5414
5075
4331
8429
690
5368
1645
3057
4722
3774
4637
9712
1804
9201
8775
8408
670
3570
258
548
1316
2246
4774
9730
5382
9191
8100
3106
9168
5576
3094
8043
7055
2118
5187
8295
2757
3770
1807
8031
3658
1099
5997
6417
6623
6609
1890
8637
9792
5332
2488
5600
9541
9571
5291
4487
8676
9088
6835
4197
2279
1368
5151
191
838
8945
6458
8405
1121
4924
5053
7419
8605
2633
5617
9894
2648
6490
79
2274
1577
3296
3958
3055
4473
9793
3431
237
2024
6428
7856
860
2734
5091
9908
7414
5535
1126
1236
840
1802
3505
6428
5099
8158
6219
7724
4305
5306
6351
6161
7755
8479
7800
2528
4168
5091
1094
2078
279
6229
7117
1199
7693
3849
8348
345
5138
2511
9051
1700
2390
1476
1949
9872
3185
308
5461
9283
8264
8745
9125
798
7132
2133
3490
3450
9292
6377
3331
6116
1626
8800
6281
1411
4299
9803
5000
5778
2760
9913
3714
5678
2898
5890
6613
9261
5218
5120
2091
5113
9903
1323
4928
4232
3224
8959
5457
3657
5905
8925
7823
5421
6746
4987
8514
9984
4235
1032
1498
4323
8716
6016
2065
6071
288
9720
397
8055
6386
6823
8881
5858
3256
8050
6499
276
5492
8786
6536
4417
4202
9283
7196
3981
9483
4540
6078
8715
5919
3974
2759
5807
5442
410
7371
8482
309
8316
8808
5042
725
3454
9259
5907
105
8562
1779
3670
6708
6560
7021
5813
1851
4720
4190
1304
7233
6117
927
1479
5581
1575
4322
732
381
2570
3603
8883
4580
2768
3434
9634
2655
1432
1933
4287
2181
1105
5571
627
108
8847
3763
4057
3625
3304
1482
6178
9999
1068
5499
456
6761
47
8032
8861
8514
9093
2959
6095
3489
7688
3449
4074
1843
2169
3164
2811
720
1089
3063
3565
8288
4354
9806
9810
3830
3823
5859
9198
6522
1092
1108
8067
4549
2740
6965
3733
7413
8317
3874
5930
7393
1498
8038
9920
9702
7253
9578
7066
8143
5798
4197
6456
6227
6541
9761
2035
7272
1016
7070
2114
2006
9985
6864
7947
7335
5655
8340
5993
9354
8200
7584
3799
2662
3880
4296
358
5564
3904
3100
7489
7077
710
8814
586
4170
3780
3954
5568
5715
5240
207
1472
87
1032
9842
2453
3282
2927
2849
9934
1237
9816
4237
6410
9558
6694
3200
450
8952
7118
8182
9635
5158
1267
4681
2806
8409
2667
2900
1518
986
146
7097
9086
1808
7531
2942
2036
1482
158
6689
9670
2505
9395
7549
8967
2373
6650
1061
6982
9904
6676
4924
2644
9063
5329
6279
4208
9908
9703
2187
432
4657
3851
6896
9374
4375
2624
5079
205
676
6905
8936
4070
1947
6108
1843
9827
3157
8598
7288
2471
1606
9893
6259
3385
6891
6357
1759
3051
1902
6122
2411
9243
7884
7
2857
4597
7854
2250
8115
2114
883
8916
2697
6722
6831
2040
8453
3362
9484
3422
336
4313
2847
2885
6429
3253
9910
9283
7139
4589
1693
1098
1272
8274
4175
6826
1944
6967
5178
6588
2341
6042
1531
6546
4184
1006
1049
9673
2614
3798
6861
4664
5375
7952
8447
2168
1775
2412
2652
8879
551
1368
7635
5386
4374
2841
4207
599
8864
2168
4686
2621
9777
4966
4385
2248
7451
3038
8300
1556
1738
7398
8573
3382
4729
7216
1129
1938
4574
7763
2242
7164
3616
9617
1397
638
3593
1397
6271
1763
6470
5292
4208
9886
7787
9965
1207
3290
5283
5941
5101
4782
6757
2771
5839
3644
1939
4893
5970
8167
2012
9165
2555
1423
9201
2460
9878
7275
6037
26
7828
2625
9757
887
9442
1012
6855
5600
5284
6123
8343
9289
848
2234
5787
9667
4455
3423
3856
6827
5470
140
9039
4799
4907
7740
7391
1917
3340
6259
8686
1594
6336
2230
2586
2716
7529
6132
1385
8069
5785
8000
584
7292
5689
5820
7217
6714
1625
3411
5557
7325
9777
7859
8105
6668
742
5142
7710
6792
8601
8492
8216
5035
6729
4774
1648
337
329
5025
197
3455
7883
108
9277
6500
3692
1064
6057
9386
3049
3132
3414
4185
367
6082
3040
8889
9089
4194
7665
5825
8450
8104
3799
7393
4386
5028
7620
5384
9365
2206
1807
6035
9359
5252
6711
2371
300
9218
7016
1658
9260
4973
726
8929
5227
5036
7670
585
8719
5507
508
1196
5306
7965
3199
2351
288
2853
1801
4679
8594
9617
8459
4932
2953
6236
2861
9006
366
9663
706
7739
6677
795
6234
9243
203
2357
4241
752
612
1630
5
8109
4615
1790
5492
4233
9910
2013
8180
7632
3300
8734
4125
8935
3323
7720
7969
330
9654
3601
1291
4803
5337
2122
1541
265
897
2657
9283
6787
1349
7095
9949
7687
1675
223
2619
7668
520
5247
8152
3992
1535
9335
9369
6015
9755
1611
8791
6441
568
7102
3495
2150
1211
4669
5883
6320
9921
1829
98
389
3285
6434
5290
1232
9019
9061
5670
835
4106
7424
1610
9667
4263
6753
179
3840
1836
5930
7476
9536
9463
7193
9291
2295
2494
8217
6290
9620
2817
6403
5169
1723
1064
6578
8816
1434
9115
4146
8122
7083
9649
7524
8926
8293
9935
4961
9199
4863
4274
3560
2331
8514
1016
9190
297
5802
1433
8113
1307
8585
6611
8465
2355
1896
3971
1948
8626
3195
4911
172
2172
9311
3727
7886
3767
7106
6013
2602
801
3343
6578
7178
8401
581
4991
6137
8102
8851
109
3066
253
6659
7052
82
206
864
8392
4739
1989
4101
9226
8982
5534
6243
6827
7827
6809
3406
2899
4864
7742
9781
2943
6772
58
7884
64
3127
3815
6440
1776
7272
4137
5334
2944
7194
1509
136
6813
6956
5516
861
4818
9892
3109
1596
9734
7911
6761
3181
485
2887
1656
3508
4045
9817
4217
3722
5583
82
1070
4666
613
8831
2118
501
1171
1821
9148
5363
8934
5883
780
5399
3289
3162
1942
5005
2118
4253
8507
2338
2521
8067
5956
4576
2816
1215
9219
5813
2143
368
1921
8655
801
8850
566
4646
1400
1152
4070
4678
133
4947
6249
5143
9139
8188
7395
4090
6606
7130
9506
2803
7105
3897
6343
158
3885
2231
9867
3583
3749
2324
4290
3210
3894
4133
365
8843
3237
4949
4745
6916
2064
4377
7365
2849
8198
5790
1682
3816
450
3954
9795
2034
1490
7291
7235
0
2
4
6
8
10
12
14
16
18
20
22
24
26
28
30
32
34
36
38
40
42
43
45
47
49
51
53
55
57
59
61
63
65
67
69
71
73
75
77
79
81
83
84
86
88
90
92
94
96
98
100
102
104
106
108
110
112
114
116
118
120
122
124
126
127
129
131
133
135
137
139
141
143
145
147
149
151
153
155
157
159
161
163
165
167
168
170
172
174
176
178
180
182
184
186
188
190
192
194
196
198
200
202
204
206
208
210
211
213
215
217
219
221
223
225
227
229
231
233
235
237
239
241
243
245
247
249
251
252
254
256
258
260
262
264
266
268
270
272
274
276
278
280
282
284
286
288
290
292
293
295
297
299
301
303
305
307
309
311
313
315
317
319
321
323
325
327
329
331
333
335
336
338
340
342
344
346
348
350
352
354
356
358
360
362
364
366
368
370
372
374
376
377
379
381
383
385
387
389
391
393
395
397
399
401
403
405
407
409
411
413
415
417
419
420
422
424
426
428
430
432
434
436
438
440
442
444
446
448
450
452
454
456
458
460
461
463
465
467
469
471
473
475
477
479
481
483
485
487
489
491
493
495
497
499
501
503
504
506
508
510
512
514
516
518
520
522
524
526
528
530
532
534
536
538
540
542
544
545
547
549
551
553
555
557
559
561
563
565
567
569
571
573
575
577
579
581
583
585
586
588
590
592
594
596
598
600
602
604
606
608
610
612
614
616
618
620
622
624
626
628
629
631
633
635
637
639
641
643
645
647
649
651
653
655
657
659
661
663
665
667
669
670
672
674
676
678
680
682
684
686
688
690
692
694
696
698
700
702
704
706
708
710
712
713
715
717
719
721
723
725
727
729
731
733
735
737
739
741
743
745
747
749
751
753
754
756
758
760
762
764
766
768
770
772
774
776
778
780
782
784
786
788
790
792
794
795
797
799
801
803
805
807
809
811
813
815
817
819
821
823
825
827
829
831
833
835
837
838
840
842
844
846
848
850
852
854
856
858
860
862
864
866
868
870
872
874
876
878
879
881
883
885
887
889
891
893
895
897
899
901
903
905
907
909
911
913
915
917
919
921
922
924
926
928
930
932
934
936
938
940
942
944
946
948
950
952
954
956
958
960
962
963
965
967
969
971
973
975
977
979
981
983
985
987
989
991
993
995
997
999
1001
1003
1005
1006
1008
1010
1012
1014
1016
1018
1020
1022
1024
1026
1028
1030
1032
1034
1036
1038
1040
1042
1044
1046
1047
1049
1051
1053
1055
1057
1059
1061
1063
1065
1067
1069
1071
1073
1075
1077
1079
1081
1083
1085
1087
1088
1090
1092
1094
1096
1098
1100
1102
1104
1106
1108
1110
1112
1114
1116
1118
1120
1122
1124
1126
1128
1130
1131
1133
1135
1137
1139
1141
1143
1145
1147
1149
1151
1153
1155
1157
1159
1161
1163
1165
1167
1169
1171
1172
1174
1176
1178
1180
1182
1184
1186
1188
1190
1192
1194
1196
1198
1200
1202
1204
1206
1208
1210
1212
1214
1215
1217
1219
1221
1223
1225
1227
1229
1231
1233
1235
1237
1239
1241
1243
1245
1247
1249
1251
1253
1255
1256
1258
1260
1262
1264
1266
1268
1270
1272
1274
1276
1278
1280
1282
1284
1286
1288
1290
1292
1294
1296
1297
1299
1301
1303
1305
1307
1309
1311
1313
1315
1317
1319
1321
1323
1325
1327
1329
1331
1333
1335
1337
1339
1340
1342
1344
1346
1348
1350
1352
1354
1356
1358
1360
1362
1364
1366
1368
1370
1372
1374
1376
1378
1380
1381
1383
1385
1387
1389
1391
1393
1395
1397
1399
1401
1403
1405
1407
1409
1411
1413
1415
1417
1419
1421
1423
1424
1426
1428
1430
1432
1434
1436
1438
1440
1442
1444
1446
1448
1450
1452
1454
1456
1458
1460
1462
1464
1465
1467
1469
1471
1473
1475
1477
1479
1481
1483
1485
1487
1489
1491
1493
1495
1497
1499
1501
1503
1505
1507
1508
1510
1512
1514
1516
1518
1520
1522
1524
1526
1528
1530
1532
1534
1536
1538
1540
1542
1544
1546
1548
1549
1551
1553
1555
1557
1559
1561
1563
1565
1567
1569
1571
1573
1575
1577
1579
1581
1583
1585
1587
1589
1590
1592
1594
1596
1598
1600
1602
1604
1606
1608
1610
1612
1614
1616
1618
1620
1622
1624
1626
1628
1630
1632
1633
1635
1637
1639
1641
1643
1645
1647
1649
1651
1653
1655
1657
1659
1661
1663
1665
1667
1669
1671
1673
1674
1676
1678
1680
1682
1684
1686
1688
1690
1692
1694
1696
1698
1700
1702
1704
1706
1708
1710
1712
1714
1716
1717
1719
1721
1723
1725
1727
1729
1731
1733
1735
1737
1739
1741
1743
1745
1747
1749
1751
1753
1755
1757
1758
1760
1762
1764
1766
1768
1770
1772
1774
1776
1778
1780
1782
1784
1786
1788
1790
1792
1794
1796
1798
1799
1801
1803
1805
1807
1809
1811
1813
1815
1817
1819
1821
1823
1825
1827
1829
1831
1833
1835
1837
1839
1841
1842
1844
1846
1848
1850
1852
1854
1856
1858
1860
1862
1864
1866
1868
1870
1872
1874
1876
1878
1880
1882
1883
1885
1887
1889
1891
1893
1895
1897
1899
1901
1903
1905
1907
1909
1911
1913
1915
1917
1919
1921
1923
1925
1926
1928
1930
1932
1934
1936
1938
1940
1942
1944
1946
1948
1950
1952
1954
1956
1958
1960
1962
1964
1966
1967
1969
1971
1973
1975
1977
1979
1981
1983
1985
1987
1989
1991
1993
1995
1997
1999
2001
2003
2005
2007
2009
2010
2012
2014
2016
2018
2020
2022
2024
2026
2028
2030
2032
2034
2036
2038
2040
2042
2044
2046
2048
2050
2051
2053
2055
2057
2059
2061
2063
2065
2067
2069
2071
2073
2075
2077
2079
2081
2083
2085
2087
2089
2091
2092
2094
2096
2098
2100
2102
2104
2106
2108
2110
2112
2114
2116
2118
2120
2122
2124
2126
2128
2130
2132
2134
2135
2137
2139
2141
2143
2145
2147
2149
2151
2153
2155
2157
2159
2161
2163
2165
2167
2169
2171
2173
2175
2176
2178
2180
2182
2184
2186
2188
2190
2192
2194
2196
2198
2200
2202
2204
2206
2208
2210
2212
2214
2216
2218
2219
2221
2223
2225
2227
2229
2231
2233
2235
2237
2239
2241
2243
2245
2247
2249
2251
2253
2255
2257
2259
2260
2262
2264
2266
2268
2270
2272
2274
2276
2278
2280
2282
2284
2286
2288
2290
2292
2294
2296
2298
2300
2302
2303
2305
2307
2309
2311
2313
2315
2317
2319
2321
2323
2325
2327
2329
2331
2333
2335
2337
2339
2341
2343
2344
2346
2348
2350
2352
2354
2356
2358
2360
2362
2364
2366
2368
2370
2372
2374
2376
2378
2380
2382
2384
2385
2387
2389
2391
2393
2395
2397
2399
2401
2403
2405
2407
2409
2411
2413
2415
2417
2419
2421
2423
2425
2427
2428
2430
2432
2434
2436
2438
2440
2442
2444
2446
2448
2450
2452
2454
2456
2458
2460
2462
2464
2466
2468
2469
2471
2473
2475
2477
2479
2481
2483
2485
2487
2489
2491
2493
2495
2497
2499
2501
2503
2505
2507
2509
2511
2512
2514
2516
2518
2520
2522
2524
2526
2528
2530
2532
2534
2536
2538
2540
2542
2544
2546
2548
2550
2552
2553
2555
2557
2559
2561
2563
2565
2567
2569
2571
2573
2575
2577
2579
2581
2583
2585
2587
2589
2591
2593
2594
2596
2598
2600
2602
2604
2606
2608
2610
2612
2614
2616
2618
2620
2622
2624
2626
2628
2630
2632
2634
2636
2637
2639
2641
2643
2645
2647
2649
2651
2653
2655
2657
2659
2661
2663
2665
2667
2669
2671
2673
2675
2677
2678
2680
2682
2684
2686
2688
2690
2692
2694
2696
2698
2700
2702
2704
2706
2708
2710
2712
2714
2716
2718
2720
2721
2723
2725
2727
2729
2731
2733
2735
2737
2739
2741
2743
2745
2747
2749
2751
2753
2755
2757
2759
2761
2762
2764
2766
2768
2770
2772
2774
2776
2778
2780
2782
2784
2786
2788
2790
2792
2794
2796
2798
2800
2802
2804
2805
2807
2809
2811
2813
2815
2817
2819
2821
2823
2825
2827
2829
2831
2833
2835
2837
2839
2841
2843
2845
2846
2848
2850
2852
2854
2856
2858
2860
2862
2864
2866
2868
2870
2872
2874
2876
2878
2880
2882
2884
2886
2887
2889
2891
2893
2895
2897
2899
2901
2903
2905
2907
2909
2911
2913
2915
2917
2919
2921
2923
2925
2927
2929
2930
2932
2934
2936
2938
2940
2942
2944
2946
2948
2950
2952
2954
2956
2958
2960
2962
2964
2966
2968
2970
2971
2973
2975
2977
2979
2981
2983
2985
2987
2989
2991
2993
2995
2997
2999
3001
3003
3005
3007
3009
3011
3013
3014
3016
3018
3020
3022
3024
3026
3028
3030
3032
3034
3036
3038
3040
3042
3044
3046
3048
3050
3052
3054
3055
3057
3059
3061
3063
3065
3067
3069
3071
3073
3075
3077
3079
3081
3083
3085
3087
3089
3091
3093
3095
3096
3098
3100
3102
3104
3106
3108
3110
3112
3114
3116
3118
3120
3122
3124
3126
3128
3130
3132
3134
3136
3138
3139
3141
3143
3145
3147
3149
3151
3153
3155
3157
3159
3161
3163
3165
3167
3169
3171
3173
3175
3177
3179
3180
3182
3184
3186
3188
3190
3192
3194
3196
3198
3200
3202
3204
3206
3208
3210
3212
3214
3216
3218
3220
3222
3223
3225
3227
3229
3231
3233
3235
3237
3239
3241
3243
3245
3247
3249
3251
3253
3255
3257
3259
3261
3263
3264
3266
3268
3270
3272
3274
3276
3278
3280
3282
3284
3286
3288
3290
3292
3294
3296
3298
3300
3302
3304
3306
3307
3309
3311
3313
3315
3317
3319
3321
3323
3325
3327
3329
3331
3333
3335
3337
3339
3341
3343
3345
3347
3348
3350
3352
3354
3356
3358
3360
3362
3364
3366
3368
3370
3372
3374
3376
3378
3380
3382
3384
3386
3388
3389
3391
3393
3395
3397
3399
3401
3403
3405
3407
3409
3411
3413
3415
3417
3419
3421
3423
3425
3427
3429
3431
3432
3434
3436
3438
3440
3442
3444
3446
3448
3450
3452
3454
3456
3458
3460
3462
3464
3466
3468
3470
3472
3473
3475
3477
3479
3481
3483
3485
3487
3489
3491
3493
3495
3497
3499
3501
3503
3505
3507
3509
3511
3513
3515
3516
3518
3520
3522
3524
3526
3528
3530
3532
3534
3536
3538
3540
3542
3544
3546
3548
3550
3552
3554
3556
3557
3559
3561
3563
3565
3567
3569
3571
3573
3575
3577
3579
3581
3583
3585
3587
3589
3591
3593
3595
3597
3598
3600
3602
3604
3606
3608
3610
3612
3614
3616
3618
3620
3622
3624
3626
3628
3630
3632
3634
3636
3638
3640
3641
3643
3645
3647
3649
3651
3653
3655
3657
3659
3661
3663
3665
3667
3669
3671
3673
3675
3677
3679
3681
3682
3684
3686
3688
3690
3692
3694
3696
3698
3700
3702
3704
3706
3708
3710
3712
3714
3716
3718
3720
3722
3724
3725
3727
3729
3731
3733
3735
3737
3739
3741
3743
3745
3747
3749
3751
3753
3755
3757
3759
3761
3763
3765
3766
3768
3770
3772
3774
3776
3778
3780
3782
3784
3786
3788
3790
3792
3794
3796
3798
3800
3802
3804
3806
3808
3809
3811
3813
3815
3817
3819
3821
3823
3825
3827
3829
3831
3833
3835
3837
3839
3841
3843
3845
3847
3849
3850
3852
3854
3856
3858
3860
3862
3864
3866
3868
3870
3872
3874
3876
3878
3880
3882
3884
3886
3888
3890
3891
3893
3895
3897
3899
3901
3903
3905
3907
3909
3911
3913
3915
3917
3919
3921
3923
3925
3927
3929
3931
3933
3934
3936
3938
3940
3942
3944
3946
3948
3950
3952
3954
3956
3958
3960
3962
3964
3966
3968
3970
3972
3974
3975
3977
3979
3981
3983
3985
3987
3989
3991
3993
3995
3997
3999
4001
4003
4005
4007
4009
4011
4013
4015
4017
4018
4020
4022
4024
4026
4028
4030
4032
4034
4036
4038
4040
4042
4044
4046
4048
4050
4052
4054
4056
4058
4059
4061
4063
4065
4067
4069
4071
4073
4075
4077
4079
4081
4083
4085
4087
4089
4091
4093
4095
4097
4099
4101
4102
4104
4106
4108
4110
4112
4114
4116
4118
4120
4122
4124
4126
4128
4130
4132
4134
4136
4138
4140
4142
4143
4145
4147
4149
4151
4153
4155
4157
4159
4161
4163
4165
4167
4169
4171
4173
4175
4177
4179
4181
4183
4184
4186
4188
4190
4192
4194
4196
4198
4200
4202
4204
4206
4208
4210
4212
4214
4216
4218
4220
4222
4224
4226
4227
4229
4231
4233
4235
4237
4239
4241
4243
4245
4247
4249
4251
4253
4255
4257
4259
4261
4263
4265
4267
4268
4270
4272
4274
4276
4278
4280
4282
4284
4286
4288
4290
4292
4294
4296
4298
4300
4302
4304
4306
4308
4310
4311
4313
4315
4317
4319
4321
4323
4325
4327
4329
4331
4333
4335
4337
4339
4341
4343
4345
4347
4349
4351
4352
4354
4356
4358
4360
4362
4364
4366
4368
4370
4372
4374
4376
4378
4380
4382
4384
4386
4388
4390
4392
4393
4395
4397
4399
4401
4403
4405
4407
4409
4411
4413
4415
4417
4419
4421
4423
4425
4427
4429
4431
4433
4435
4436
4438
4440
4442
4444
4446
4448
4450
4452
4454
4456
4458
4460
4462
4464
4466
4468
4470
4472
4474
4476
4477
4479
4481
4483
4485
4487
4489
4491
4493
4495
4497
4499
4501
4503
4505
4507
4509
4511
4513
4515
4517
4519
4520
4522
4524
4526
4528
4530
4532
4534
4536
4538
4540
4542
4544
4546
4548
4550
4552
4554
4556
4558
4560
4561
4563
4565
4567
4569
4571
4573
4575
4577
4579
4581
4583
4585
4587
4589
4591
4593
4595
4597
4599
4601
4603
4604
4606
4608
4610
4612
4614
4616
4618
4620
4622
4624
4626
4628
4630
4632
4634
4636
4638
4640
4642
4644
4645
4647
4649
4651
4653
4655
4657
4659
4661
4663
4665
4667
4669
4671
4673
4675
4677
4679
4681
4683
4685
4686
4688
4690
4692
4694
4696
4698
4700
4702
4704
4706
4708
4710
4712
4714
4716
4718
4720
4722
4724
4726
4728
4729
4731
4733
4735
4737
4739
4741
4743
4745
4747
4749
4751
4753
4755
4757
4759
4761
4763
4765
4767
4769
4770
4772
4774
4776
4778
4780
4782
4784
4786
4788
4790
4792
4794
4796
4798
4800
4802
4804
4806
4808
4810
4812
4813
4815
4817
4819
4821
4823
4825
4827
4829
4831
4833
4835
4837
4839
4841
4843
4845
4847
4849
4851
4853
4854
4856
4858
4860
4862
4864
4866
4868
4870
4872
4874
4876
4878
4880
4882
4884
4886
4888
4890
4892
4894
4895
4897
4899
4901
4903
4905
4907
4909
4911
4913
4915
4917
4919
4921
4923
4925
4927
4929
4931
4933
4935
4937
4938
4940
4942
4944
4946
4948
4950
4952
4954
4956
4958
4960
4962
4964
4966
4968
4970
4972
4974
4976
4978
4979
4981
4983
4985
4987
4989
4991
4993
4995
4997
4999
5001
5003
5005
5007
5009
5011
5013
5015
5017
5019
5021
5022
5024
5026
5028
5030
5032
5034
5036
5038
5040
5042
5044
5046
5048
5050
5052
5054
5056
5058
5060
5062
5063
5065
5067
5069
5071
5073
5075
5077
5079
5081
5083
5085
5087
5089
5091
5093
5095
5097
5099
5101
5103
5105
5106
5108
5110
5112
5114
5116
5118
5120
5122
5124
5126
5128
5130
5132
5134
5136
5138
5140
5142
5144
5146
5147
5149
5151
5153
5155
5157
5159
5161
5163
5165
5167
5169
5171
5173
5175
5177
5179
5181
5183
5185
5187
5188
5190
5192
5194
5196
5198
5200
5202
5204
5206
5208
5210
5212
5214
5216
5218
5220
5222
5224
5226
5228
5230
5231
5233
5235
5237
5239
5241
5243
5245
5247
5249
5251
5253
5255
5257
5259
5261
5263
5265
5267
5269
5271
5272
5274
5276
5278
5280
5282
5284
5286
5288
5290
5292
5294
5296
5298
5300
5302
5304
5306
5308
5310
5312
5314
5315
5317
5319
5321
5323
5325
5327
5329
5331
5333
5335
5337
5339
5341
5343
5345
5347
5349
5351
5353
5355
5356
5358
5360
5362
5364
5366
5368
5370
5372
5374
5376
5378
5380
5382
5384
5386
5388
5390
5392
5394
5396
5397
5399
5401
5403
5405
5407
5409
5411
5413
5415
5417
5419
5421
5423
5425
5427
5429
5431
5433
5435
5437
5439
5440
5442
5444
5446
5448
5450
5452
5454
5456
5458
5460
5462
5464
5466
5468
5470
5472
5474
5476
5478
5480
5481
5483
5485
5487
5489
5491
5493
5495
5497
5499
5501
5503
5505
5507
5509
5511
5513
5515
5517
5519
5521
5523
5524
5526
5528
5530
5532
5534
5536
5538
5540
5542
5544
5546
5548
5550
5552
5554
5556
5558
5560
5562
5564
5565
5567
5569
5571
5573
5575
5577
5579
5581
5583
5585
5587
5589
5591
5593
5595
5597
5599
5601
5603
5605
5607
5608
5610
5612
5614
5616
5618
5620
5622
5624
5626
5628
5630
5632
5634
5636
5638
5640
5642
5644
5646
5648
5649
5651
5653
5655
5657
5659
5661
5663
5665
5667
5669
5671
5673
5675
5677
5679
5681
5683
5685
5687
5689
5690
5692
5694
5696
5698
5700
5702
5704
5706
5708
5710
5712
5714
5716
5718
5720
5722
5724
5726
5728
5730
5732
5733
5735
5737
5739
5741
5743
5745
5747
5749
5751
5753
5755
5757
5759
5761
5763
5765
5767
5769
5771
5773
5774
5776
5778
5780
5782
5784
5786
5788
5790
5792
5794
5796
5798
5800
5802
5804
5806
5808
5810
5812
5814
5816
5817
5819
5821
5823
5825
5827
5829
5831
5833
5835
5837
5839
5841
5843
5845
5847
5849
5851
5853
5855
5857
5858
5860
5862
5864
5866
5868
5870
5872
5874
5876
5878
5880
5882
5884
5886
5888
5890
5892
5894
5896
5898
5899
5901
5903
5905
5907
5909
5911
5913
5915
5917
5919
5921
5923
5925
5927
5929
5931
5933
5935
5937
5939
5941
5942
5944
5946
5948
5950
5952
5954
5956
5958
5960
5962
5964
5966
5968
5970
5972
5974
5976
5978
5980
5982
5983
5985
5987
5989
5991
5993
5995
5997
5999
6001
6003
6005
6007
6009
6011
6013
6015
6017
6019
6021
6023
6025
6026
6028
6030
6032
6034
6036
6038
6040
6042
6044
6046
6048
6050
6052
6054
6056
6058
6060
6062
6064
6066
6067
6069
6071
6073
6075
6077
6079
6081
6083
6085
6087
6089
6091
6093
6095
6097
6099
6101
6103
6105
6107
6109
6110
6112
6114
6116
6118
6120
6122
6124
6126
6128
6130
6132
6134
6136
6138
6140
6142
6144
6146
6148
6150
6151
6153
6155
6157
6159
6161
6163
6165
6167
6169
6171
6173
6175
6177
6179
6181
6183
6185
6187
6189
6191
6192
6194
6196
6198
6200
6202
6204
6206
6208
6210
6212
6214
6216
6218
6220
6222
6224
6226
6228
6230
6232
6234
6235
6237
6239
6241
6243
6245
6247
6249
6251
6253
6255
6257
6259
6261
6263
6265
6267
6269
6271
6273
6275
6276
6278
6280
6282
6284
6286
6288
6290
6292
6294
6296
6298
6300
6302
6304
6306
6308
6310
6312
6314
6316
6318
6319
6321
6323
6325
6327
6329
6331
6333
6335
6337
6339
6341
6343
6345
6347
6349
6351
6353
6355
6357
6359
6360
6362
6364
6366
6368
6370
6372
6374
6376
6378
6380
6382
6384
6386
6388
6390
6392
6394
6396
6398
6400
6402
6403
6405
6407
6409
6411
6413
6415
6417
6419
6421
6423
6425
6427
6429
6431
6433
6435
6437
6439
6441
6443
6444
6446
6448
6450
6452
6454
6456
6458
6460
6462
6464
6466
6468
6470
6472
6474
6476
6478
6480
6482
6484
6485
6487
6489
6491
6493
6495
6497
6499
6501
6503
6505
6507
6509
6511
6513
6515
6517
6519
6521
6523
6525
6527
6528
6530
6532
6534
6536
6538
6540
6542
6544
6546
6548
6550
6552
6554
6556
6558
6560
6562
6564
6566
6568
6569
6571
6573
6575
6577
6579
6581
6583
6585
6587
6589
6591
6593
6595
6597
6599
6601
6603
6605
6607
6609
6611
6612
6614
6616
6618
6620
6622
6624
6626
6628
6630
6632
6634
6636
6638
6640
6642
6644
6646
6648
6650
6652
6653
6655
6657
6659
6661
6663
6665
6667
6669
6671
6673
6675
6677
6679
6681
6683
6685
6687
6689
6691
6693
6694
6696
6698
6700
6702
6704
6706
6708
6710
6712
6714
6716
6718
6720
6722
6724
6726
6728
6730
6732
6734
6736
6737
6739
6741
6743
6745
6747
6749
6751
6753
6755
6757
6759
6761
6763
6765
6767
6769
6771
6773
6775
6777
6778
6780
6782
6784
6786
6788
6790
6792
6794
6796
6798
6800
6802
6804
6806
6808
6810
6812
6814
6816
6818
6820
6821
6823
6825
6827
6829
6831
6833
6835
6837
6839
6841
6843
6845
6847
6849
6851
6853
6855
6857
6859
6861
6862
6864
6866
6868
6870
6872
6874
6876
6878
6880
6882
6884
6886
6888
6890
6892
6894
6896
6898
6900
6902
6904
6905
6907
6909
6911
6913
6915
6917
6919
6921
6923
6925
6927
6929
6931
6933
6935
6937
6939
6941
6943
6945
6946
6948
6950
6952
6954
6956
6958
6960
6962
6964
6966
6968
6970
6972
6974
6976
6978
6980
6982
6984
6986
6987
6989
6991
6993
6995
6997
6999
7001
7003
7005
7007
7009
7011
7013
7015
7017
7019
7021
7023
7025
7027
7029
7030
7032
7034
7036
7038
7040
7042
7044
7046
7048
7050
7052
7054
7056
7058
7060
7062
7064
7066
7068
7070
7071
7073
7075
7077
7079
7081
7083
7085
7087
7089
7091
7093
7095
7097
7099
7101
7103
7105
7107
7109
7111
7113
7114
7116
7118
7120
7122
7124
7126
7128
7130
7132
7134
7136
7138
7140
7142
7144
7146
7148
7150
7152
7154
7155
7157
7159
7161
7163
7165
7167
7169
7171
7173
7175
7177
7179
7181
7183
7185
7187
7189
7191
7193
7195
7196
7198
7200
7202
7204
7206
7208
7210
7212
7214
7216
7218
7220
7222
7224
7226
7228
7230
7232
7234
7236
7238
7239
7241
7243
7245
7247
7249
7251
7253
7255
7257
7259
7261
7263
7265
7267
7269
7271
7273
7275
7277
7279
7280
7282
7284
7286
7288
7290
7292
7294
7296
7298
7300
7302
7304
7306
7308
7310
7312
7314
7316
7318
7320
7322
7323
7325
7327
7329
7331
7333
7335
7337
7339
7341
7343
7345
7347
7349
7351
7353
7355
7357
7359
7361
7363
7364
7366
7368
7370
7372
7374
7376
7378
7380
7382
7384
7386
7388
7390
7392
7394
7396
7398
7400
7402
7404
7406
7407
7409
7411
7413
7415
7417
7419
7421
7423
7425
7427
7429
7431
7433
7435
7437
7439
7441
7443
7445
7447
7448
7450
7452
7454
7456
7458
7460
7462
7464
7466
7468
7470
7472
7474
7476
7478
7480
7482
7484
7486
7488
7489
7491
7493
7495
7497
7499
7501
7503
7505
7507
7509
7511
7513
7515
7517
7519
7521
7523
7525
7527
7529
7531
7532
7534
7536
7538
7540
7542
7544
7546
7548
7550
7552
7554
7556
7558
7560
7562
7564
7566
7568
7570
7572
7573
7575
7577
7579
7581
7583
7585
7587
7589
7591
7593
7595
7597
7599
7601
7603
7605
7607
7609
7611
7613
7615
7616
7618
7620
7622
7624
7626
7628
7630
7632
7634
7636
7638
7640
7642
7644
7646
7648
7650
7652
7654
7656
7657
7659
7661
7663
7665
7667
7669
7671
7673
7675
7677
7679
7681
7683
7685
7687
7689
7691
7693
7695
7697
7698
7700
7702
7704
7706
7708
7710
7712
7714
7716
7718
7720
7722
7724
7726
7728
7730
7732
7734
7736
7738
7740
7741
7743
7745
7747
7749
7751
7753
7755
7757
7759
7761
7763
7765
7767
7769
7771
7773
7775
7777
7779
7781
7782
7784
7786
7788
7790
7792
7794
7796
7798
7800
7802
7804
7806
7808
7810
7812
7814
7816
7818
7820
7822
7824
7825
7827
7829
7831
7833
7835
7837
7839
7841
7843
7845
7847
7849
7851
7853
7855
7857
7859
7861
7863
7865
7866
7868
7870
7872
7874
7876
7878
7880
7882
7884
7886
7888
7890
7892
7894
7896
7898
7900
7902
7904
7906
7908
7909
7911
7913
7915
7917
7919
7921
7923
7925
7927
7929
7931
7933
7935
7937
7939
7941
7943
7945
7947
7949
7950
7952
7954
7956
7958
7960
7962
7964
7966
7968
7970
7972
7974
7976
7978
7980
7982
7984
7986
7988
7990
7991
7993
7995
7997
7999
8001
8003
8005
8007
8009
8011
8013
8015
8017
8019
8021
8023
8025
8027
8029
8031
8033
8034
8036
8038
8040
8042
8044
8046
8048
8050
8052
8054
8056
8058
8060
8062
8064
8066
8068
8070
8072
8074
8075
8077
8079
8081
8083
8085
8087
8089
8091
8093
8095
8097
8099
8101
8103
8105
8107
8109
8111
8113
8115
8117
8118
8120
8122
8124
8126
8128
8130
8132
8134
8136
8138
8140
8142
8144
8146
8148
8150
8152
8154
8156
8158
8159
8161
8163
8165
8167
8169
8171
8173
8175
8177
8179
8181
8183
8185
8187
8189
8191
8193
8195
8197
8199
8201
8202
8204
8206
8208
8210
8212
8214
8216
8218
8220
8222
8224
8226
8228
8230
8232
8234
8236
8238
8240
8242
8243
8245
8247
8249
8251
8253
8255
8257
8259
8261
8263
8265
8267
8269
8271
8273
8275
8277
8279
8281
8283
8284
8286
8288
8290
8292
8294
8296
8298
8300
8302
8304
8306
8308
8310
8312
8314
8316
8318
8320
8322
8324
8326
8327
8329
8331
8333
8335
8337
8339
8341
8343
8345
8347
8349
8351
8353
8355
8357
8359
8361
8363
8365
8367
8368
8370
8372
8374
8376
8378
8380
8382
8384
8386
8388
8390
8392
8394
8396
8398
8400
8402
8404
8406
8408
8410
8411
8413
8415
8417
8419
8421
8423
8425
8427
8429
8431
8433
8435
8437
8439
8441
8443
8445
8447
8449
8451
8452
8454
8456
8458
8460
8462
8464
8466
8468
8470
8472
8474
8476
8478
8480
8482
8484
8486
8488
8490
8492
8493
8495
8497
8499
8501
8503
8505
8507
8509
8511
8513
8515
8517
8519
8521
8523
8525
8527
8529
8531
8533
8535
8536
8538
8540
8542
8544
8546
8548
8550
8552
8554
8556
8558
8560
8562
8564
8566
8568
8570
8572
8574
8576
8577
8579
8581
8583
8585
8587
8589
8591
8593
8595
8597
8599
8601
8603
8605
8607
8609
8611
8613
8615
8617
8619
8620
8622
8624
8626
8628
8630
8632
8634
8636
8638
8640
8642
8644
8646
8648
8650
8652
8654
8656
8658
8660
8661
8663
8665
8667
8669
8671
8673
8675
8677
8679
8681
8683
8685
8687
8689
8691
8693
8695
8697
8699
8701
8703
8704
8706
8708
8710
8712
8714
8716
8718
8720
8722
8724
8726
8728
8730
8732
8734
8736
8738
8740
8742
8744
8745
8747
8749
8751
8753
8755
8757
8759
8761
8763
8765
8767
8769
8771
8773
8775
8777
8779
8781
8783
8785
8786
8788
8790
8792
8794
8796
8798
8800
8802
8804
8806
8808
8810
8812
8814
8816
8818
8820
8822
8824
8826
8828
8829
8831
8833
8835
8837
8839
8841
8843
8845
8847
8849
8851
8853
8855
8857
8859
8861
8863
8865
8867
8869
8870
8872
8874
8876
8878
8880
8882
8884
8886
8888
8890
8892
8894
8896
8898
8900
8902
8904
8906
8908
8910
8912
8913
8915
8917
8919
8921
8923
8925
8927
8929
8931
8933
8935
8937
8939
8941
8943
8945
8947
8949
8951
8953
8954
8956
8958
8960
8962
8964
8966
8968
8970
8972
8974
8976
8978
8980
8982
8984
8986
8988
8990
8992
8994
8995
8997
8999
9001
9003
9005
9007
9009
9011
9013
9015
9017
9019
9021
9023
9025
9027
9029
9031
9033
9035
9037
9038
9040
9042
9044
9046
9048
9050
9052
9054
9056
9058
9060
9062
9064
9066
9068
9070
9072
9074
9076
9078
9079
9081
9083
9085
9087
9089
9091
9093
9095
9097
9099
9101
9103
9105
9107
9109
9111
9113
9115
9117
9119
9121
9122
9124
9126
9128
9130
9132
9134
9136
9138
9140
9142
9144
9146
9148
9150
9152
9154
9156
9158
9160
9162
9163
9165
9167
9169
9171
9173
9175
9177
9179
9181
9183
9185
9187
9189
9191
9193
9195
9197
9199
9201
9203
9205
9206
9208
9210
9212
9214
9216
9218
9220
9222
9224
9226
9228
9230
9232
9234
9236
9238
9240
9242
9244
9246
9247
9249
9251
9253
9255
9257
9259
9261
9263
9265
9267
9269
9271
9273
9275
9277
9279
9281
9283
9285
9287
9288
9290
9292
9294
9296
9298
9300
9302
9304
9306
9308
9310
9312
9314
9316
9318
9320
9322
9324
9326
9328
9330
9331
9333
9335
9337
9339
9341
9343
9345
9347
9349
9351
9353
9355
9357
9359
9361
9363
9365
9367
9369
9371
9372
9374
9376
9378
9380
9382
9384
9386
9388
9390
9392
9394
9396
9398
9400
9402
9404
9406
9408
9410
9412
9414
9415
9417
9419
9421
9423
9425
9427
9429
9431
9433
9435
9437
9439
9441
9443
9445
9447
9449
9451
9453
9455
9456
9458
9460
9462
9464
9466
9468
9470
9472
9474
9476
9478
9480
9482
9484
9486
9488
9490
9492
9494
9496
9497
9499
9501
9503
9505
9507
9509
9511
9513
9515
9517
9519
9521
9523
9525
9527
9529
9531
9533
9535
9537
9539
9540
9542
9544
9546
9548
9550
9552
9554
9556
9558
9560
9562
9564
9566
9568
9570
9572
9574
9576
9578
9580
9581
9583
9585
9587
9589
9591
9593
9595
9597
9599
9601
9603
9605
9607
9609
9611
9613
9615
9617
9619
9621
9623
9624
9626
9628
9630
9632
9634
9636
9638
9640
9642
9644
9646
9648
9650
9652
9654
9656
9658
9660
9662
9664
9665
9667
9669
9671
9673
9675
9677
9679
9681
9683
9685
9687
9689
9691
9693
9695
9697
9699
9701
9703
9705
9707
9708
9710
9712
9714
9716
9718
9720
9722
9724
9726
9728
9730
9732
9734
9736
9738
9740
9742
9744
9746
9748
9749
9751
9753
9755
9757
9759
9761
9763
9765
9767
9769
9771
9773
9775
9777
9779
9781
9783
9785
9787
9789
9790
9792
9794
9796
9798
9800
9802
9804
9806
9808
9810
9812
9814
9816
9818
9820
9822
9824
9826
9828
9830
9832
9833
9835
9837
9839
9841
9843
9845
9847
9849
9851
9853
9855
9857
9859
9861
9863
9865
9867
9869
9871
9873
9874
9876
9878
9880
9882
9884
9886
9888
9890
9892
9894
9896
9898
9900
9902
9904
9906
9908
9910
9912
9914
9916
9917
9919
9921
9923
9925
9927
9929
9931
9933
9935
9937
9939
9941
9943
9945
9947
9949
9951
9953
9955
9957
9958
9960
9962
9964
9966
9968
9970
9972
9974
9976
9978
9980
9982
9984
9986
9988
9990
9992
9994
9996
9998
9999
9999
9997
9995
9993
9991
9989
9987
9985
9983
9981
9979
9977
9975
9973
9971
9969
9967
9965
9963
9961
9959
9957
9956
9954
9952
9950
9948
9946
9944
9942
9940
9938
9936
9934
9932
9930
9928
9926
9924
9922
9920
9918
9916
9915
9913
9911
9909
9907
9905
9903
9901
9899
9897
9895
9893
9891
9889
9887
9885
9883
9881
9879
9877
9875
9873
9872
9870
9868
9866
9864
9862
9860
9858
9856
9854
9852
9850
9848
9846
9844
9842
9840
9838
9836
9834
9832
9831
9829
9827
9825
9823
9821
9819
9817
9815
9813
9811
9809
9807
9805
9803
9801
9799
9797
9795
9793
9791
9789
9788
9786
9784
9782
9780
9778
9776
9774
9772
9770
9768
9766
9764
9762
9760
9758
9756
9754
9752
9750
9748
9747
9745
9743
9741
9739
9737
9735
9733
9731
9729
9727
9725
9723
9721
9719
9717
9715
9713
9711
9709
9707
9706
9704
9702
9700
9698
9696
9694
9692
9690
9688
9686
9684
9682
9680
9678
9676
9674
9672
9670
9668
9666
9664
9663
9661
9659
9657
9655
9653
9651
9649
9647
9645
9643
9641
9639
9637
9635
9633
9631
9629
9627
9625
9623
9622
9620
9618
9616
9614
9612
9610
9608
9606
9604
9602
9600
9598
9596
9594
9592
9590
9588
9586
9584
9582
9580
9579
9577
9575
9573
9571
9569
9567
9565
9563
9561
9559
9557
9555
9553
9551
9549
9547
9545
9543
9541
9539
9538
9536
9534
9532
9530
9528
9526
9524
9522
9520
9518
9516
9514
9512
9510
9508
9506
9504
9502
9500
9498
9496
9495
9493
9491
9489
9487
9485
9483
9481
9479
9477
9475
9473
9471
9469
9467
9465
9463
9461
9459
9457
9455
9454
9452
9450
9448
9446
9444
9442
9440
9438
9436
9434
9432
9430
9428
9426
9424
9422
9420
9418
9416
9414
9413
9411
9409
9407
9405
9403
9401
9399
9397
9395
9393
9391
9389
9387
9385
9383
9381
9379
9377
9375
9373
9371
9370
9368
9366
9364
9362
9360
9358
9356
9354
9352
9350
9348
9346
9344
9342
9340
9338
9336
9334
9332
9330
9329
9327
9325
9323
9321
9319
9317
9315
9313
9311
9309
9307
9305
9303
9301
9299
9297
9295
9293
9291
9289
9287
9286
9284
9282
9280
9278
9276
9274
9272
9270
9268
9266
9264
9262
9260
9258
9256
9254
9252
9250
9248
9246
9245
9243
9241
9239
9237
9235
9233
9231
9229
9227
9225
9223
9221
9219
9217
9215
9213
9211
9209
9207
9205
9204
9202
9200
9198
9196
9194
9192
9190
9188
9186
9184
9182
9180
9178
9176
9174
9172
9170
9168
9166
9164
9162
9161
9159
9157
9155
9153
9151
9149
9147
9145
9143
9141
9139
9137
9135
9133
9131
9129
9127
9125
9123
9121
9120
9118
9116
9114
9112
9110
9108
9106
9104
9102
9100
9098
9096
9094
9092
9090
9088
9086
9084
9082
9080
9078
9077
9075
9073
9071
9069
9067
9065
9063
9061
9059
9057
9055
9053
9051
9049
9047
9045
9043
9041
9039
9037
9036
9034
9032
9030
9028
9026
9024
9022
9020
9018
9016
9014
9012
9010
9008
9006
9004
9002
9000
8998
8996
8994
8993
8991
8989
8987
8985
8983
8981
8979
8977
8975
8973
8971
8969
8967
8965
8963
8961
8959
8957
8955
8953
8952
8950
8948
8946
8944
8942
8940
8938
8936
8934
8932
8930
8928
8926
8924
8922
8920
8918
8916
8914
8912
8911
8909
8907
8905
8903
8901
8899
8897
8895
8893
8891
8889
8887
8885
8883
8881
8879
8877
8875
8873
8871
8869
8868
8866
8864
8862
8860
8858
8856
8854
8852
8850
8848
8846
8844
8842
8840
8838
8836
8834
8832
8830
8828
8827
8825
8823
8821
8819
8817
8815
8813
8811
8809
8807
8805
8803
8801
8799
8797
8795
8793
8791
8789
8787
8785
8784
8782
8780
8778
8776
8774
8772
8770
8768
8766
8764
8762
8760
8758
8756
8754
8752
8750
8748
8746
8744
8743
8741
8739
8737
8735
8733
8731
8729
8727
8725
8723
8721
8719
8717
8715
8713
8711
8709
8707
8705
8703
8702
8700
8698
8696
8694
8692
8690
8688
8686
8684
8682
8680
8678
8676
8674
8672
8670
8668
8666
8664
8662
8660
8659
8657
8655
8653
8651
8649
8647
8645
8643
8641
8639
8637
8635
8633
8631
8629
8627
8625
8623
8621
8619
8618
8616
8614
8612
8610
8608
8606
8604
8602
8600
8598
8596
8594
8592
8590
8588
8586
8584
8582
8580
8578
8576
8575
8573
8571
8569
8567
8565
8563
8561
8559
8557
8555
8553
8551
8549
8547
8545
8543
8541
8539
8537
8535
8534
8532
8530
8528
8526
8524
8522
8520
8518
8516
8514
8512
8510
8508
8506
8504
8502
8500
8498
8496
8494
8492
8491
8489
8487
8485
8483
8481
8479
8477
8475
8473
8471
8469
8467
8465
8463
8461
8459
8457
8455
8453
8451
8450
8448
8446
8444
8442
8440
8438
8436
8434
8432
8430
8428
8426
8424
8422
8420
8418
8416
8414
8412
8410
8409
8407
8405
8403
8401
8399
8397
8395
8393
8391
8389
8387
8385
8383
8381
8379
8377
8375
8373
8371
8369
8367
8366
8364
8362
8360
8358
8356
8354
8352
8350
8348
8346
8344
8342
8340
8338
8336
8334
8332
8330
8328
8326
8325
8323
8321
8319
8317
8315
8313
8311
8309
8307
8305
8303
8301
8299
8297
8295
8293
8291
8289
8287
8285
8283
8282
8280
8278
8276
8274
8272
8270
8268
8266
8264
8262
8260
8258
8256
8254
8252
8250
8248
8246
8244
8242
8241
8239
8237
8235
8233
8231
8229
8227
8225
8223
8221
8219
8217
8215
8213
8211
8209
8207
8205
8203
8201
8200
8198
8196
8194
8192
8190
8188
8186
8184
8182
8180
8178
8176
8174
8172
8170
8168
8166
8164
8162
8160
8158
8157
8155
8153
8151
8149
8147
8145
8143
8141
8139
8137
8135
8133
8131
8129
8127
8125
8123
8121
8119
8117
8116
8114
8112
8110
8108
8106
8104
8102
8100
8098
8096
8094
8092
8090
8088
8086
8084
8082
8080
8078
8076
8074
8073
8071
8069
8067
8065
8063
8061
8059
8057
8055
8053
8051
8049
8047
8045
8043
8041
8039
8037
8035
8033
8032
8030
8028
8026
8024
8022
8020
8018
8016
8014
8012
8010
8008
8006
8004
8002
8000
7998
7996
7994
7992
7990
7989
7987
7985
7983
7981
7979
7977
7975
7973
7971
7969
7967
7965
7963
7961
7959
7957
7955
7953
7951
7949
7948
7946
7944
7942
7940
7938
7936
7934
7932
7930
7928
7926
7924
7922
7920
7918
7916
7914
7912
7910
7908
7907
7905
7903
7901
7899
7897
7895
7893
7891
7889
7887
7885
7883
7881
7879
7877
7875
7873
7871
7869
7867
7865
7864
7862
7860
7858
7856
7854
7852
7850
7848
7846
7844
7842
7840
7838
7836
7834
7832
7830
7828
7826
7824
7823
7821
7819
7817
7815
7813
7811
7809
7807
7805
7803
7801
7799
7797
7795
7793
7791
7789
7787
7785
7783
7781
7780
7778
7776
7774
7772
7770
7768
7766
7764
7762
7760
7758
7756
7754
7752
7750
7748
7746
7744
7742
7740
7739
7737
7735
7733
7731
7729
7727
7725
7723
7721
7719
7717
7715
7713
7711
7709
7707
7705
7703
7701
7699
7697
7696
7694
7692
7690
7688
7686
7684
7682
7680
7678
7676
7674
7672
7670
7668
7666
7664
7662
7660
7658
7656
7655
7653
7651
7649
7647
7645
7643
7641
7639
7637
7635
7633
7631
7629
7627
7625
7623
7621
7619
7617
7615
7614
7612
7610
7608
7606
7604
7602
7600
7598
7596
7594
7592
7590
7588
7586
7584
7582
7580
7578
7576
7574
7572
7571
7569
7567
7565
7563
7561
7559
7557
7555
7553
7551
7549
7547
7545
7543
7541
7539
7537
7535
7533
7531
7530
7528
7526
7524
7522
7520
7518
7516
7514
7512
7510
7508
7506
7504
7502
7500
7498
7496
7494
7492
7490
7488
7487
7485
7483
7481
7479
7477
7475
7473
7471
7469
7467
7465
7463
7461
7459
7457
7455
7453
7451
7449
7447
7446
7444
7442
7440
7438
7436
7434
7432
7430
7428
7426
7424
7422
7420
7418
7416
7414
7412
7410
7408
7406
7405
7403
7401
7399
7397
7395
7393
7391
7389
7387
7385
7383
7381
7379
7377
7375
7373
7371
7369
7367
7365
7363
7362
7360
7358
7356
7354
7352
7350
7348
7346
7344
7342
7340
7338
7336
7334
7332
7330
7328
7326
7324
7322
7321
7319
7317
7315
7313
7311
7309
7307
7305
7303
7301
7299
7297
7295
7293
7291
7289
7287
7285
7283
7281
7279
7278
7276
7274
7272
7270
7268
7266
7264
7262
7260
7258
7256
7254
7252
7250
7248
7246
7244
7242
7240
7238
7237
7235
7233
7231
7229
7227
7225
7223
7221
7219
7217
7215
7213
7211
7209
7207
7205
7203
7201
7199
7197
7195
7194
7192
7190
7188
7186
7184
7182
7180
7178
7176
7174
7172
7170
7168
7166
7164
7162
7160
7158
7156
7154
7153
7151
7149
7147
7145
7143
7141
7139
7137
7135
7133
7131
7129
7127
7125
7123
7121
7119
7117
7115
7113
7112
7110
7108
7106
7104
7102
7100
7098
7096
7094
7092
7090
7088
7086
7084
7082
7080
7078
7076
7074
7072
7070
7069
7067
7065
7063
7061
7059
7057
7055
7053
7051
7049
7047
7045
7043
7041
7039
7037
7035
7033
7031
7029
7028
7026
7024
7022
7020
7018
7016
7014
7012
7010
7008
7006
7004
7002
7000
6998
6996
6994
6992
6990
6988
6986
6985
6983
6981
6979
6977
6975
6973
6971
6969
6967
6965
6963
6961
6959
6957
6955
6953
6951
6949
6947
6945
6944
6942
6940
6938
6936
6934
6932
6930
6928
6926
6924
6922
6920
6918
6916
6914
6912
6910
6908
6906
6904
6903
6901
6899
6897
6895
6893
6891
6889
6887
6885
6883
6881
6879
6877
6875
6873
6871
6869
6867
6865
6863
6861
6860
6858
6856
6854
6852
6850
6848
6846
6844
6842
6840
6838
6836
6834
6832
6830
6828
6826
6824
6822
6820
6819
6817
6815
6813
6811
6809
6807
6805
6803
6801
6799
6797
6795
6793
6791
6789
6787
6785
6783
6781
6779
6777
6776
6774
6772
6770
6768
6766
6764
6762
6760
6758
6756
6754
6752
6750
6748
6746
6744
6742
6740
6738
6736
6735
6733
6731
6729
6727
6725
6723
6721
6719
6717
6715
6713
6711
6709
6707
6705
6703
6701
6699
6697
6695
6693
6692
6690
6688
6686
6684
6682
6680
6678
6676
6674
6672
6670
6668
6666
6664
6662
6660
6658
6656
6654
6652
6651
6649
6647
6645
6643
6641
6639
6637
6635
6633
6631
6629
6627
6625
6623
6621
6619
6617
6615
6613
6611
6610
6608
6606
6604
6602
6600
6598
6596
6594
6592
6590
6588
6586
6584
6582
6580
6578
6576
6574
6572
6570
6568
6567
6565
6563
6561
6559
6557
6555
6553
6551
6549
6547
6545
6543
6541
6539
6537
6535
6533
6531
6529
6527
6526
6524
6522
6520
6518
6516
6514
6512
6510
6508
6506
6504
6502
6500
6498
6496
6494
6492
6490
6488
6486
6484
6483
6481
6479
6477
6475
6473
6471
6469
6467
6465
6463
6461
6459
6457
6455
6453
6451
6449
6447
6445
6443
6442
6440
6438
6436
6434
6432
6430
6428
6426
6424
6422
6420
6418
6416
6414
6412
6410
6408
6406
6404
6402
6401
6399
6397
6395
6393
6391
6389
6387
6385
6383
6381
6379
6377
6375
6373
6371
6369
6367
6365
6363
6361
6359
6358
6356
6354
6352
6350
6348
6346
6344
6342
6340
6338
6336
6334
6332
6330
6328
6326
6324
6322
6320
6318
6317
6315
6313
6311
6309
6307
6305
6303
6301
6299
6297
6295
6293
6291
6289
6287
6285
6283
6281
6279
6277
6275
6274
6272
6270
6268
6266
6264
6262
6260
6258
6256
6254
6252
6250
6248
6246
6244
6242
6240
6238
6236
6234
6233
6231
6229
6227
6225
6223
6221
6219
6217
6215
6213
6211
6209
6207
6205
6203
6201
6199
6197
6195
6193
6191
6190
6188
6186
6184
6182
6180
6178
6176
6174
6172
6170
6168
6166
6164
6162
6160
6158
6156
6154
6152
6150
6149
6147
6145
6143
6141
6139
6137
6135
6133
6131
6129
6127
6125
6123
6121
6119
6117
6115
6113
6111
6109
6108
6106
6104
6102
6100
6098
6096
6094
6092
6090
6088
6086
6084
6082
6080
6078
6076
6074
6072
6070
6068
6066
6065
6063
6061
6059
6057
6055
6053
6051
6049
6047
6045
6043
6041
6039
6037
6035
6033
6031
6029
6027
6025
6024
6022
6020
6018
6016
6014
6012
6010
6008
6006
6004
6002
6000
5998
5996
5994
5992
5990
5988
5986
5984
5982
5981
5979
5977
5975
5973
5971
5969
5967
5965
5963
5961
5959
5957
5955
5953
5951
5949
5947
5945
5943
5941
5940
5938
5936
5934
5932
5930
5928
5926
5924
5922
5920
5918
5916
5914
5912
5910
5908
5906
5904
5902
5900
5898
5897
5895
5893
5891
5889
5887
5885
5883
5881
5879
5877
5875
5873
5871
5869
5867
5865
5863
5861
5859
5857
5856
5854
5852
5850
5848
5846
5844
5842
5840
5838
5836
5834
5832
5830
5828
5826
5824
5822
5820
5818
5816
5815
5813
5811
5809
5807
5805
5803
5801
5799
5797
5795
5793
5791
5789
5787
5785
5783
5781
5779
5777
5775
5773
5772
5770
5768
5766
5764
5762
5760
5758
5756
5754
5752
5750
5748
5746
5744
5742
5740
5738
5736
5734
5732
5731
5729
5727
5725
5723
5721
5719
5717
5715
5713
5711
5709
5707
5705
5703
5701
5699
5697
5695
5693
5691
5689
5688
5686
5684
5682
5680
5678
5676
5674
5672
5670
5668
5666
5664
5662
5660
5658
5656
5654
5652
5650
5648
5647
5645
5643
5641
5639
5637
5635
5633
5631
5629
5627
5625
5623
5621
5619
5617
5615
5613
5611
5609
5607
5606
5604
5602
5600
5598
5596
5594
5592
5590
5588
5586
5584
5582
5580
5578
5576
5574
5572
5570
5568
5566
5564
5563
5561
5559
5557
5555
5553
5551
5549
5547
5545
5543
5541
5539
5537
5535
5533
5531
5529
5527
5525
5523
5522
5520
5518
5516
5514
5512
5510
5508
5506
5504
5502
5500
5498
5496
5494
5492
5490
5488
5486
5484
5482
5480
5479
5477
5475
5473
5471
5469
5467
5465
5463
5461
5459
5457
5455
5453
5451
5449
5447
5445
5443
5441
5439
5438
5436
5434
5432
5430
5428
5426
5424
5422
5420
5418
5416
5414
5412
5410
5408
5406
5404
5402
5400
5398
5396
5395
5393
5391
5389
5387
5385
5383
5381
5379
5377
5375
5373
5371
5369
5367
5365
5363
5361
5359
5357
5355
5354
5352
5350
5348
5346
5344
5342
5340
5338
5336
5334
5332
5330
5328
5326
5324
5322
5320
5318
5316
5314
5313
5311
5309
5307
5305
5303
5301
5299
5297
5295
5293
5291
5289
5287
5285
5283
5281
5279
5277
5275
5273
5271
5270
5268
5266
5264
5262
5260
5258
5256
5254
5252
5250
5248
5246
5244
5242
5240
5238
5236
5234
5232
5230
5229
5227
5225
5223
5221
5219
5217
5215
5213
5211
5209
5207
5205
5203
5201
5199
5197
5195
5193
5191
5189
5187
5186
5184
5182
5180
5178
5176
5174
5172
5170
5168
5166
5164
5162
5160
5158
5156
5154
5152
5150
5148
5146
5145
5143
5141
5139
5137
5135
5133
5131
5129
5127
5125
5123
5121
5119
5117
5115
5113
5111
5109
5107
5105
5104
5102
5100
5098
5096
5094
5092
5090
5088
5086
5084
5082
5080
5078
5076
5074
5072
5070
5068
5066
5064
5062
5061
5059
5057
5055
5053
5051
5049
5047
5045
5043
5041
5039
5037
5035
5033
5031
5029
5027
5025
5023
5021
5020
5018
5016
5014
5012
5010
5008
5006
5004
5002
5000
4998
4996
4994
4992
4990
4988
4986
4984
4982
4980
4978
4977
4975
4973
4971
4969
4967
4965
4963
4961
4959
4957
4955
4953
4951
4949
4947
4945
4943
4941
4939
4937
4936
4934
4932
4930
4928
4926
4924
4922
4920
4918
4916
4914
4912
4910
4908
4906
4904
4902
4900
4898
4896
4894
4893
4891
4889
4887
4885
4883
4881
4879
4877
4875
4873
4871
4869
4867
4865
4863
4861
4859
4857
4855
4853
4852
4850
4848
4846
4844
4842
4840
4838
4836
4834
4832
4830
4828
4826
4824
4822
4820
4818
4816
4814
4812
4811
4809
4807
4805
4803
4801
4799
4797
4795
4793
4791
4789
4787
4785
4783
4781
4779
4777
4775
4773
4771
4769
4768
4766
4764
4762
4760
4758
4756
4754
4752
4750
4748
4746
4744
4742
4740
4738
4736
4734
4732
4730
4728
4727
4725
4723
4721
4719
4717
4715
4713
4711
4709
4707
4705
4703
4701
4699
4697
4695
4693
4691
4689
4687
4685
4684
4682
4680
4678
4676
4674
4672
4670
4668
4666
4664
4662
4660
4658
4656
4654
4652
4650
4648
4646
4644
4643
4641
4639
4637
4635
4633
4631
4629
4627
4625
4623
4621
4619
4617
4615
4613
4611
4609
4607
4605
4603
4602
4600
4598
4596
4594
4592
4590
4588
4586
4584
4582
4580
4578
4576
4574
4572
4570
4568
4566
4564
4562
4560
4559
4557
4555
4553
4551
4549
4547
4545
4543
4541
4539
4537
4535
4533
4531
4529
4527
4525
4523
4521
4519
4518
4516
4514
4512
4510
4508
4506
4504
4502
4500
4498
4496
4494
4492
4490
4488
4486
4484
4482
4480
4478
4476
4475
4473
4471
4469
4467
4465
4463
4461
4459
4457
4455
4453
4451
4449
4447
4445
4443
4441
4439
4437
4435
4434
4432
4430
4428
4426
4424
4422
4420
4418
4416
4414
4412
4410
4408
4406
4404
4402
4400
4398
4396
4394
4392
4391
4389
4387
4385
4383
4381
4379
4377
4375
4373
4371
4369
4367
4365
4363
4361
4359
4357
4355
4353
4351
4350
4348
4346
4344
4342
4340
4338
4336
4334
4332
4330
4328
4326
4324
4322
4320
4318
4316
4314
4312
4310
4309
4307
4305
4303
4301
4299
4297
4295
4293
4291
4289
4287
4285
4283
4281
4279
4277
4275
4273
4271
4269
4267
4266
4264
4262
4260
4258
4256
4254
4252
4250
4248
4246
4244
4242
4240
4238
4236
4234
4232
4230
4228
4226
4225
4223
4221
4219
4217
4215
4213
4211
4209
4207
4205
4203
4201
4199
4197
4195
4193
4191
4189
4187
4185
4183
4182
4180
4178
4176
4174
4172
4170
4168
4166
4164
4162
4160
4158
4156
4154
4152
4150
4148
4146
4144
4142
4141
4139
4137
4135
4133
4131
4129
4127
4125
4123
4121
4119
4117
4115
4113
4111
4109
4107
4105
4103
4101
4100
4098
4096
4094
4092
4090
4088
4086
4084
4082
4080
4078
4076
4074
4072
4070
4068
4066
4064
4062
4060
4058
4057
4055
4053
4051
4049
4047
4045
4043
4041
4039
4037
4035
4033
4031
4029
4027
4025
4023
4021
4019
4017
4016
4014
4012
4010
4008
4006
4004
4002
4000
3998
3996
3994
3992
3990
3988
3986
3984
3982
3980
3978
3976
3974
3973
3971
3969
3967
3965
3963
3961
3959
3957
3955
3953
3951
3949
3947
3945
3943
3941
3939
3937
3935
3933
3932
3930
3928
3926
3924
3922
3920
3918
3916
3914
3912
3910
3908
3906
3904
3902
3900
3898
3896
3894
3892
3890
3889
3887
3885
3883
3881
3879
3877
3875
3873
3871
3869
3867
3865
3863
3861
3859
3857
3855
3853
3851
3849
3848
3846
3844
3842
3840
3838
3836
3834
3832
3830
3828
3826
3824
3822
3820
3818
3816
3814
3812
3810
3808
3807
3805
3803
3801
3799
3797
3795
3793
3791
3789
3787
3785
3783
3781
3779
3777
3775
3773
3771
3769
3767
3765
3764
3762
3760
3758
3756
3754
3752
3750
3748
3746
3744
3742
3740
3738
3736
3734
3732
3730
3728
3726
3724
3723
3721
3719
3717
3715
3713
3711
3709
3707
3705
3703
3701
3699
3697
3695
3693
3691
3689
3687
3685
3683
3681
3680
3678
3676
3674
3672
3670
3668
3666
3664
3662
3660
3658
3656
3654
3652
3650
3648
3646
3644
3642
3640
3639
3637
3635
3633
3631
3629
3627
3625
3623
3621
3619
3617
3615
3613
3611
3609
3607
3605
3603
3601
3599
3597
3596
3594
3592
3590
3588
3586
3584
3582
3580
3578
3576
3574
3572
3570
3568
3566
3564
3562
3560
3558
3556
3555
3553
3551
3549
3547
3545
3543
3541
3539
3537
3535
3533
3531
3529
3527
3525
3523
3521
3519
3517
3515
3514
3512
3510
3508
3506
3504
3502
3500
3498
3496
3494
3492
3490
3488
3486
3484
3482
3480
3478
3476
3474
3472
3471
3469
3467
3465
3463
3461
3459
3457
3455
3453
3451
3449
3447
3445
3443
3441
3439
3437
3435
3433
3431
3430
3428
3426
3424
3422
3420
3418
3416
3414
3412
3410
3408
3406
3404
3402
3400
3398
3396
3394
3392
3390
3388
3387
3385
3383
3381
3379
3377
3375
3373
3371
3369
3367
3365
3363
3361
3359
3357
3355
3353
3351
3349
3347
3346
3344
3342
3340
3338
3336
3334
3332
3330
3328
3326
3324
3322
3320
3318
3316
3314
3312
3310
3308
3306
3305
3303
3301
3299
3297
3295
3293
3291
3289
3287
3285
3283
3281
3279
3277
3275
3273
3271
3269
3267
3265
3263
3262
3260
3258
3256
3254
3252
3250
3248
3246
3244
3242
3240
3238
3236
3234
3232
3230
3228
3226
3224
3222
3221
3219
3217
3215
3213
3211
3209
3207
3205
3203
3201
3199
3197
3195
3193
3191
3189
3187
3185
3183
3181
3179
3178
3176
3174
3172
3170
3168
3166
3164
3162
3160
3158
3156
3154
3152
3150
3148
3146
3144
3142
3140
3138
3137
3135
3133
3131
3129
3127
3125
3123
3121
3119
3117
3115
3113
3111
3109
3107
3105
3103
3101
3099
3097
3095
3094
3092
3090
3088
3086
3084
3082
3080
3078
3076
3074
3072
3070
3068
3066
3064
3062
3060
3058
3056
3054
3053
3051
3049
3047
3045
3043
3041
3039
3037
3035
3033
3031
3029
3027
3025
3023
3021
3019
3017
3015
3013
3012
3010
3008
3006
3004
3002
3000
2998
2996
2994
2992
2990
2988
2986
2984
2982
2980
2978
2976
2974
2972
2970
2969
2967
2965
2963
2961
2959
2957
2955
2953
2951
2949
2947
2945
2943
2941
2939
2937
2935
2933
2931
2929
2928
2926
2924
2922
2920
2918
2916
2914
2912
2910
2908
2906
2904
2902
2900
2898
2896
2894
2892
2890
2888
2886
2885
2883
2881
2879
2877
2875
2873
2871
2869
2867
2865
2863
2861
2859
2857
2855
2853
2851
2849
2847
2845
2844
2842
2840
2838
2836
2834
2832
2830
2828
2826
2824
2822
2820
2818
2816
2814
2812
2810
2808
2806
2804
2803
2801
2799
2797
2795
2793
2791
2789
2787
2785
2783
2781
2779
2777
2775
2773
2771
2769
2767
2765
2763
2761
2760
2758
2756
2754
2752
2750
2748
2746
2744
2742
2740
2738
2736
2734
2732
2730
2728
2726
2724
2722
2720
2719
2717
2715
2713
2711
2709
2707
2705
2703
2701
2699
2697
2695
2693
2691
2689
2687
2685
2683
2681
2679
2677
2676
2674
2672
2670
2668
2666
2664
2662
2660
2658
2656
2654
2652
2650
2648
2646
2644
2642
2640
2638
2636
2635
2633
2631
2629
2627
2625
2623
2621
2619
2617
2615
2613
2611
2609
2607
2605
2603
2601
2599
2597
2595
2593
2592
2590
2588
2586
2584
2582
2580
2578
2576
2574
2572
2570
2568
2566
2564
2562
2560
2558
2556
2554
2552
2551
2549
2547
2545
2543
2541
2539
2537
2535
2533
2531
2529
2527
2525
2523
2521
2519
2517
2515
2513
2511
2510
2508
2506
2504
2502
2500
2498
2496
2494
2492
2490
2488
2486
2484
2482
2480
2478
2476
2474
2472
2470
2468
2467
2465
2463
2461
2459
2457
2455
2453
2451
2449
2447
2445
2443
2441
2439
2437
2435
2433
2431
2429
2427
2426
2424
2422
2420
2418
2416
2414
2412
2410
2408
2406
2404
2402
2400
2398
2396
2394
2392
2390
2388
2386
2384
2383
2381
2379
2377
2375
2373
2371
2369
2367
2365
2363
2361
2359
2357
2355
2353
2351
2349
2347
2345
2343
2342
2340
2338
2336
2334
2332
2330
2328
2326
2324
2322
2320
2318
2316
2314
2312
2310
2308
2306
2304
2302
2301
2299
2297
2295
2293
2291
2289
2287
2285
2283
2281
2279
2277
2275
2273
2271
2269
2267
2265
2263
2261
2259
2258
2256
2254
2252
2250
2248
2246
2244
2242
2240
2238
2236
2234
2232
2230
2228
2226
2224
2222
2220
2218
2217
2215
2213
2211
2209
2207
2205
2203
2201
2199
2197
2195
2193
2191
2189
2187
2185
2183
2181
2179
2177
2175
2174
2172
2170
2168
2166
2164
2162
2160
2158
2156
2154
2152
2150
2148
2146
2144
2142
2140
2138
2136
2134
2133
2131
2129
2127
2125
2123
2121
2119
2117
2115
2113
2111
2109
2107
2105
2103
2101
2099
2097
2095
2093
2091
2090
2088
2086
2084
2082
2080
2078
2076
2074
2072
2070
2068
2066
2064
2062
2060
2058
2056
2054
2052
2050
2049
2047
2045
2043
2041
2039
2037
2035
2033
2031
2029
2027
2025
2023
2021
2019
2017
2015
2013
2011
2009
2008
2006
2004
2002
2000
1998
1996
1994
1992
1990
1988
1986
1984
1982
1980
1978
1976
1974
1972
1970
1968
1966
1965
1963
1961
1959
1957
1955
1953
1951
1949
1947
1945
1943
1941
1939
1937
1935
1933
1931
1929
1927
1925
1924
1922
1920
1918
1916
1914
1912
1910
1908
1906
1904
1902
1900
1898
1896
1894
1892
1890
1888
1886
1884
1882
1881
1879
1877
1875
1873
1871
1869
1867
1865
1863
1861
1859
1857
1855
1853
1851
1849
1847
1845
1843
1841
1840
1838
1836
1834
1832
1830
1828
1826
1824
1822
1820
1818
1816
1814
1812
1810
1808
1806
1804
1802
1800
1798
1797
1795
1793
1791
1789
1787
1785
1783
1781
1779
1777
1775
1773
1771
1769
1767
1765
1763
1761
1759
1757
1756
1754
1752
1750
1748
1746
1744
1742
1740
1738
1736
1734
1732
1730
1728
1726
1724
1722
1720
1718
1716
1715
1713
1711
1709
1707
1705
1703
1701
1699
1697
1695
1693
1691
1689
1687
1685
1683
1681
1679
1677
1675
1673
1672
1670
1668
1666
1664
1662
1660
1658
1656
1654
1652
1650
1648
1646
1644
1642
1640
1638
1636
1634
1632
1631
1629
1627
1625
1623
1621
1619
1617
1615
1613
1611
1609
1607
1605
1603
1601
1599
1597
1595
1593
1591
1589
1588
1586
1584
1582
1580
1578
1576
1574
1572
1570
1568
1566
1564
1562
1560
1558
1556
1554
1552
1550
1548
1547
1545
1543
1541
1539
1537
1535
1533
1531
1529
1527
1525
1523
1521
1519
1517
1515
1513
1511
1509
1507
1506
1504
1502
1500
1498
1496
1494
1492
1490
1488
1486
1484
1482
1480
1478
1476
1474
1472
1470
1468
1466
1464
1463
1461
1459
1457
1455
1453
1451
1449
1447
1445
1443
1441
1439
1437
1435
1433
1431
1429
1427
1425
1423
1422
1420
1418
1416
1414
1412
1410
1408
1406
1404
1402
1400
1398
1396
1394
1392
1390
1388
1386
1384
1382
1380
1379
1377
1375
1373
1371
1369
1367
1365
1363
1361
1359
1357
1355
1353
1351
1349
1347
1345
1343
1341
1339
1338
1336
1334
1332
1330
1328
1326
1324
1322
1320
1318
1316
1314
1312
1310
1308
1306
1304
1302
1300
1298
1296
1295
1293
1291
1289
1287
1285
1283
1281
1279
1277
1275
1273
1271
1269
1267
1265
1263
1261
1259
1257
1255
1254
1252
1250
1248
1246
1244
1242
1240
1238
1236
1234
1232
1230
1228
1226
1224
1222
1220
1218
1216
1214
1213
1211
1209
1207
1205
1203
1201
1199
1197
1195
1193
1191
1189
1187
1185
1183
1181
1179
1177
1175
1173
1171
1170
1168
1166
1164
1162
1160
1158
1156
1154
1152
1150
1148
1146
1144
1142
1140
1138
1136
1134
1132
1130
1129
1127
1125
1123
1121
1119
1117
1115
1113
1111
1109
1107
1105
1103
1101
1099
1097
1095
1093
1091
1089
1087
1086
1084
1082
1080
1078
1076
1074
1072
1070
1068
1066
1064
1062
1060
1058
1056
1054
1052
1050
1048
1046
1045
1043
1041
1039
1037
1035
1033
1031
1029
1027
1025
1023
1021
1019
1017
1015
1013
1011
1009
1007
1005
1004
1002
1000
998
996
994
992
990
988
986
984
982
980
978
976
974
972
970
968
966
964
962
961
959
957
955
953
951
949
947
945
943
941
939
937
935
933
931
929
927
925
923
921
920
918
916
914
912
910
908
906
904
902
900
898
896
894
892
890
888
886
884
882
880
878
877
875
873
871
869
867
865
863
861
859
857
855
853
851
849
847
845
843
841
839
837
836
834
832
830
828
826
824
822
820
818
816
814
812
810
808
806
804
802
800
798
796
794
793
791
789
787
785
783
781
779
777
775
773
771
769
767
765
763
761
759
757
755
753
752
750
748
746
744
742
740
738
736
734
732
730
728
726
724
722
720
718
716
714
712
711
709
707
705
703
701
699
697
695
693
691
689
687
685
683
681
679
677
675
673
671
669
668
666
664
662
660
658
656
654
652
650
648
646
644
642
640
638
636
634
632
630
628
627
625
623
621
619
617
615
613
611
609
607
605
603
601
599
597
595
593
591
589
587
585
584
582
580
578
576
574
572
570
568
566
564
562
560
558
556
554
552
550
548
546
544
543
541
539
537
535
533
531
529
527
525
523
521
519
517
515
513
511
509
507
505
503
502
500
498
496
494
492
490
488
486
484
482
480
478
476
474
472
470
468
466
464
462
460
459
457
455
453
451
449
447
445
443
441
439
437
435
433
431
429
427
425
423
421
419
418
416
414
412
410
408
406
404
402
400
398
396
394
392
390
388
386
384
382
380
378
376
375
373
371
369
367
365
363
361
359
357
355
353
351
349
347
345
343
341
339
337
335
334
332
330
328
326
324
322
320
318
316
314
312
310
308
306
304
302
300
298
296
294
292
291
289
287
285
283
281
279
277
275
273
271
269
267
265
263
261
259
257
255
253
251
250
248
246
244
242
240
238
236
234
232
230
228
226
224
222
220
218
216
214
212
210
209
207
205
203
201
199
197
195
193
191
189
187
185
183
181
179
177
175
173
171
169
167
166
164
162
160
158
156
154
152
150
148
146
144
142
140
138
136
134
132
130
128
126
125
123
121
119
117
115
113
111
109
107
105
103
101
99
97
95
93
91
89
87
85
83
82
80
78
76
74
72
70
68
66
64
62
60
58
56
54
52
50
48
46
44
42
41
39
37
35
33
31
29
27
25
23
21
19
17
15
13
11
9
7
5
3
1
0
