1024
1983
1904
2131
6979
5974
6240
9395
9524
4641
1932
8755
6356
5074
8299
9545
7161
6926
1229
7384
1130
1160
3329
7850
7440
5996
7186
6873
6746
2900
3617
3098
5467
6042
4415
4150
6143
987
849
6038
9531
8356
5814
8443
4657
1580
6020
5000
3955
622
5358
316
7759
5489
5426
7695
5576
8885
750
5305
2869
3789
8707
6089
3091
8627
5698
9481
1974
6108
4243
4572
5404
2922
6901
4944
7378
9288
2607
5862
9377
2581
5413
986
7520
8544
8007
2609
7453
5772
9315
9135
1989
1120
7402
3251
3808
2206
6095
1503
5115
2333
2172
7399
4845
1334
5471
3541
2619
6504
8338
3847
2023
2920
1464
7254
482
9112
1171
3619
2466
3922
9235
1424
6351
8258
3049
4585
2856
7918
569
5293
1907
9938
7054
8541
4641
9244
1719
6607
5919
657
5807
8543
8937
8394
4506
1923
3721
5710
1228
5050
6141
8381
7236
3488
4967
1015
1733
1904
7997
2663
7589
4839
6545
6287
414
6224
9595
7025
5313
3650
3634
2599
3867
2258
219
7599
3728
4438
9400
6039
3924
6856
1137
4561
8649
7059
6111
355
1906
8221
5765
9693
9157
16
8778
1512
5071
5766
4721
2872
6962
1921
3658
4045
8410
7845
9649
8956
1117
7843
4707
7925
7408
8978
3249
8193
3174
876
2542
5625
1907
4930
850
4918
8287
3517
2353
9296
3383
9155
1446
5125
3693
1681
2472
233
5727
5099
8303
8836
6309
1885
2640
2637
5796
2493
6931
817
799
1648
1254
143
2734
9173
7770
9539
3975
2130
2651
6349
776
329
605
909
9110
6614
2130
302
7439
8248
2425
5180
1740
697
7216
8739
8947
9132
7562
3573
7001
9442
2315
1896
8693
6153
8384
5578
7263
546
6955
2385
8039
6349
4044
7764
4530
8643
5452
63
8686
3904
6995
3015
7783
6491
8857
2779
963
6659
3370
2882
4583
2040
9410
5655
6957
2578
7095
5966
7517
2482
134
8930
9720
6020
3942
7004
2259
4509
9257
8978
5312
7399
8017
4650
4665
2422
4063
7945
3942
4502
2086
5244
1966
8179
2286
2914
409
7765
4741
6580
6132
2310
9440
386
8702
3457
4399
5484
5423
3096
8654
6681
5257
402
7927
823
6262
527
4309
2128
4241
7945
7380
3110
2705
8010
3620
1467
5743
7748
7325
4735
2344
9537
2828
8390
4062
8295
9675
4613
1562
9799
4766
4665
9628
5155
3242
4645
5955
8826
3968
9494
215
7985
4615
820
4163
5135
2248
2823
7681
5173
1683
7731
942
8392
5582
4914
3340
2604
7646
6845
3846
8127
1630
9399
4590
944
9916
3909
5427
9978
4483
8750
702
8929
2611
1483
8363
9511
5533
74
5620
3131
5994
4213
6665
9183
3980
5002
796
4436
2492
4823
5001
6580
3009
2357
1043
1644
946
6077
9994
4388
9587
3035
4040
2476
6620
398
8330
2885
3384
9128
44
2890
8984
8409
6861
7721
8199
9074
8194
785
3545
9880
4374
6281
2844
3256
1343
6443
4385
7985
524
3099
292
7458
6074
5896
950
7537
7446
4958
8700
7701
3245
5702
3152
3409
3535
859
1461
4046
8993
25
665
3203
2306
1187
1155
1140
9478
3537
3595
4692
5534
7029
5513
952
5048
1400
7397
7513
2658
5862
4190
9429
1578
3907
4806
9219
1889
6568
4634
6722
8591
9966
4832
813
2112
4582
3449
9740
859
9570
9813
4826
2579
2340
5174
7663
9942
6657
2253
2249
4210
2065
2657
2092
2024
5045
8126
9027
3673
2837
6249
2353
1614
7286
6210
393
7604
9909
1122
438
3811
8531
4116
7768
4415
5676
6240
780
4887
6629
1138
5606
8299
9410
137
8254
283
6465
7916
8228
9723
6518
695
8177
802
820
2835
43
1746
2357
7251
9621
2562
3686
2634
9089
6214
8370
2171
9539
4320
3850
1336
4483
8128
3357
7100
1902
471
7274
9908
4506
9193
6527
8167
6708
2817
9740
2311
776
158
9497
2304
7292
6267
2497
3069
6202
2141
3210
4234
1368
6789
4482
7491
4453
3301
2584
1420
4674
7296
4435
9882
9850
7993
2403
9150
6719
7517
3842
7650
5395
93
2551
1724
6433
2500
6455
8911
8486
2039
3832
6497
3694
9626
3763
344
4703
6799
5317
1437
9020
3353
6339
8450
8903
127
3575
7951
3975
6059
2363
8952
3009
8850
6705
7083
9958
7583
8492
8614
6681
8424
319
6069
7115
6866
8176
5865
213
1105
6329
7956
4609
5383
6731
6416
1142
253
3982
9007
4238
5039
3962
4637
9925
7794
5835
5330
2896
8561
1541
7061
6888
9941
8244
4442
2818
6019
7821
3099
9596
7327
183
8084
8965
3758
1664
6872
4922
9033
5645
8466
5913
3229
770
8518
3348
4735
6970
6325
1475
7678
9380
95
8294
3233
3098
6787
5014
6447
1999
4162
9223
893
2564
8146
2157
929
5863
6798
8871
3334
8408
4075
8732
1529
6185
69
7936
159
226
3879
4467
4713
8511
9594
9159
8704
5462
469
4925
4715
392
5650
7610
8352
5972
194
8555
3238
9394
8230
8802
1112
5107
4942
7483
6454
498
6895
5168
54
8487
7661
6980
8184
2312
7945
176
8214
7788
7043
3417
1546
5582
8560
4330
8858
7018
2998
9939
6015
3767
3397
8446
1972
2785
4064
7193
6025
9330
6745
21
6102
6076
7914
8394
9933
5
2127
7845
5720
288
5234
7775
5746
7636
558
1755
2306
1051
2181
11
1233
6441
8605
9232
7933
1223
1669
8892
7174
8011
3605
1413
2613
6
4563
7209
7645
9529
9090
2649
921
4661
8341
9139
9733
846
418
7808
5785
8251
225
502
1280
1244
3859
9291
8935
5752
384
4935
1216
8898
6872
7252
5270
9272
8187
7333
6155
8056
7893
6176
4782
575
6273
4889
5688
7136
7502
6957
3861
573
2927
2216
8799
8964
6635
819
3958
9017
6757
1261
3421
860
3783
9589
2974
6727
5511
7633
4925
71
9628
6686
6297
2820
7417
757
2367
8910
5175
3158
1897
422
8434
6724
1716
9254
7866
3709
8767
7278
6361
9348
5231
876
2212
1692
687
8999
2987
6579
5253
4840
4922
1992
5728
1078
8786
8011
8061
6685
8450
3744
4825
2745
1774
7584
3505
8245
3842
0
10
20
30
40
49
59
69
79
88
98
108
118
128
137
147
157
167
176
186
196
206
216
225
235
245
255
264
274
284
294
303
313
323
333
343
352
362
372
382
391
401
411
421
431
440
450
460
470
479
489
499
509
519
528
538
548
558
567
577
587
597
606
616
626
636
646
655
665
675
685
694
704
714
724
734
743
753
763
773
782
792
802
812
822
831
841
851
861
870
880
890
900
909
919
929
939
949
958
968
978
988
997
1007
1017
1027
1037
1046
1056
1066
1076
1085
1095
1105
1115
1125
1134
1144
1154
1164
1173
1183
1193
1203
1212
1222
1232
1242
1252
1261
1271
1281
1291
1300
1310
1320
1330
1340
1349
1359
1369
1379
1388
1398
1408
1418
1428
1437
1447
1457
1467
1476
1486
1496
1506
1515
1525
1535
1545
1555
1564
1574
1584
1594
1603
1613
1623
1633
1643
1652
1662
1672
1682
1691
1701
1711
1721
1731
1740
1750
1760
1770
1779
1789
1799
1809
1818
1828
1838
1848
1858
1867
1877
1887
1897
1906
1916
1926
1936
1946
1955
1965
1975
1985
1994
2004
2014
2024
2034
2043
2053
2063
2073
2082
2092
2102
2112
2121
2131
2141
2151
2161
2170
2180
2190
2200
2209
2219
2229
2239
2249
2258
2268
2278
2288
2297
2307
2317
2327
2337
2346
2356
2366
2376
2385
2395
2405
2415
2424
2434
2444
2454
2464
2473
2483
2493
2503
2512
2522
2532
2542
2552
2561
2571
2581
2591
2600
2610
2620
2630
2640
2649
2659
2669
2679
2688
2698
2708
2718
2727
2737
2747
2757
2767
2776
2786
2796
2806
2815
2825
2835
2845
2855
2864
2874
2884
2894
2903
2913
2923
2933
2943
2952
2962
2972
2982
2991
3001
3011
3021
3030
3040
3050
3060
3070
3079
3089
3099
3109
3118
3128
3138
3148
3158
3167
3177
3187
3197
3206
3216
3226
3236
3246
3255
3265
3275
3285
3294
3304
3314
3324
3333
3343
3353
3363
3373
3382
3392
3402
3412
3421
3431
3441
3451
3461
3470
3480
3490
3500
3509
3519
3529
3539
3549
3558
3568
3578
3588
3597
3607
3617
3627
3636
3646
3656
3666
3676
3685
3695
3705
3715
3724
3734
3744
3754
3764
3773
3783
3793
3803
3812
3822
3832
3842
3852
3861
3871
3881
3891
3900
3910
3920
3930
3939
3949
3959
3969
3979
3988
3998
4008
4018
4027
4037
4047
4057
4067
4076
4086
4096
4106
4115
4125
4135
4145
4155
4164
4174
4184
4194
4203
4213
4223
4233
4242
4252
4262
4272
4282
4291
4301
4311
4321
4330
4340
4350
4360
4370
4379
4389
4399
4409
4418
4428
4438
4448
4458
4467
4477
4487
4497
4506
4516
4526
4536
4545
4555
4565
4575
4585
4594
4604
4614
4624
4633
4643
4653
4663
4673
4682
4692
4702
4712
4721
4731
4741
4751
4761
4770
4780
4790
4800
4809
4819
4829
4839
4848
4858
4868
4878
4888
4897
4907
4917
4927
4936
4946
4956
4966
4976
4985
4995
5005
5015
5024
5034
5044
5054
5064
5073
5083
5093
5103
5112
5122
5132
5142
5151
5161
5171
5181
5191
5200
5210
5220
5230
5239
5249
5259
5269
5279
5288
5298
5308
5318
5327
5337
5347
5357
5367
5376
5386
5396
5406
5415
5425
5435
5445
5454
5464
5474
5484
5494
5503
5513
5523
5533
5542
5552
5562
5572
5582
5591
5601
5611
5621
5630
5640
5650
5660
5670
5679
5689
5699
5709
5718
5728
5738
5748
5757
5767
5777
5787
5797
5806
5816
5826
5836
5845
5855
5865
5875
5885
5894
5904
5914
5924
5933
5943
5953
5963
5973
5982
5992
6002
6012
6021
6031
6041
6051
6060
6070
6080
6090
6100
6109
6119
6129
6139
6148
6158
6168
6178
6188
6197
6207
6217
6227
6236
6246
6256
6266
6276
6285
6295
6305
6315
6324
6334
6344
6354
6363
6373
6383
6393
6403
6412
6422
6432
6442
6451
6461
6471
6481
6491
6500
6510
6520
6530
6539
6549
6559
6569
6579
6588
6598
6608
6618
6627
6637
6647
6657
6666
6676
6686
6696
6706
6715
6725
6735
6745
6754
6764
6774
6784
6794
6803
6813
6823
6833
6842
6852
6862
6872
6882
6891
6901
6911
6921
6930
6940
6950
6960
6969
6979
6989
6999
7009
7018
7028
7038
7048
7057
7067
7077
7087
7097
7106
7116
7126
7136
7145
7155
7165
7175
7185
7194
7204
7214
7224
7233
7243
7253
7263
7272
7282
7292
7302
7312
7321
7331
7341
7351
7360
7370
7380
7390
7400
7409
7419
7429
7439
7448
7458
7468
7478
7488
7497
7507
7517
7527
7536
7546
7556
7566
7575
7585
7595
7605
7615
7624
7634
7644
7654
7663
7673
7683
7693
7703
7712
7722
7732
7742
7751
7761
7771
7781
7791
7800
7810
7820
7830
7839
7849
7859
7869
7878
7888
7898
7908
7918
7927
7937
7947
7957
7966
7976
7986
7996
8006
8015
8025
8035
8045
8054
8064
8074
8084
8094
8103
8113
8123
8133
8142
8152
8162
8172
8181
8191
8201
8211
8221
8230
8240
8250
8260
8269
8279
8289
8299
8309
8318
8328
8338
8348
8357
8367
8377
8387
8397
8406
8416
8426
8436
8445
8455
8465
8475
8484
8494
8504
8514
8524
8533
8543
8553
8563
8572
8582
8592
8602
8612
8621
8631
8641
8651
8660
8670
8680
8690
8700
8709
8719
8729
8739
8748
8758
8768
8778
8787
8797
8807
8817
8827
8836
8846
8856
8866
8875
8885
8895
8905
8915
8924
8934
8944
8954
8963
8973
8983
8993
9003
9012
9022
9032
9042
9051
9061
9071
9081
9090
9100
9110
9120
9130
9139
9149
9159
9169
9178
9188
9198
9208
9218
9227
9237
9247
9257
9266
9276
9286
9296
9306
9315
9325
9335
9345
9354
9364
9374
9384
9393
9403
9413
9423
9433
9442
9452
9462
9472
9481
9491
9501
9511
9521
9530
9540
9550
9560
9569
9579
9589
9599
9609
9618
9628
9638
9648
9657
9667
9677
9687
9696
9706
9716
9726
9736
9745
9755
9765
9775
9784
9794
9804
9814
9824
9833
9843
9853
9863
9872
9882
9892
9902
9912
9921
9931
9941
9951
9960
9970
9980
9990
9999
9999
9989
9979
9969
9959
9950
9940
9930
9920
9911
9901
9891
9881
9871
9862
9852
9842
9832
9823
9813
9803
9793
9783
9774
9764
9754
9744
9735
9725
9715
9705
9696
9686
9676
9666
9656
9647
9637
9627
9617
9608
9598
9588
9578
9568
9559
9549
9539
9529
9520
9510
9500
9490
9480
9471
9461
9451
9441
9432
9422
9412
9402
9393
9383
9373
9363
9353
9344
9334
9324
9314
9305
9295
9285
9275
9265
9256
9246
9236
9226
9217
9207
9197
9187
9177
9168
9158
9148
9138
9129
9119
9109
9099
9090
9080
9070
9060
9050
9041
9031
9021
9011
9002
8992
8982
8972
8962
8953
8943
8933
8923
8914
8904
8894
8884
8874
8865
8855
8845
8835
8826
8816
8806
8796
8787
8777
8767
8757
8747
8738
8728
8718
8708
8699
8689
8679
8669
8659
8650
8640
8630
8620
8611
8601
8591
8581
8571
8562
8552
8542
8532
8523
8513
8503
8493
8484
8474
8464
8454
8444
8435
8425
8415
8405
8396
8386
8376
8366
8356
8347
8337
8327
8317
8308
8298
8288
8278
8268
8259
8249
8239
8229
8220
8210
8200
8190
8181
8171
8161
8151
8141
8132
8122
8112
8102
8093
8083
8073
8063
8053
8044
8034
8024
8014
8005
7995
7985
7975
7965
7956
7946
7936
7926
7917
7907
7897
7887
7878
7868
7858
7848
7838
7829
7819
7809
7799
7790
7780
7770
7760
7750
7741
7731
7721
7711
7702
7692
7682
7672
7662
7653
7643
7633
7623
7614
7604
7594
7584
7575
7565
7555
7545
7535
7526
7516
7506
7496
7487
7477
7467
7457
7447
7438
7428
7418
7408
7399
7389
7379
7369
7359
7350
7340
7330
7320
7311
7301
7291
7281
7272
7262
7252
7242
7232
7223
7213
7203
7193
7184
7174
7164
7154
7144
7135
7125
7115
7105
7096
7086
7076
7066
7056
7047
7037
7027
7017
7008
6998
6988
6978
6969
6959
6949
6939
6929
6920
6910
6900
6890
6881
6871
6861
6851
6841
6832
6822
6812
6802
6793
6783
6773
6763
6753
6744
6734
6724
6714
6705
6695
6685
6675
6666
6656
6646
6636
6626
6617
6607
6597
6587
6578
6568
6558
6548
6538
6529
6519
6509
6499
6490
6480
6470
6460
6450
6441
6431
6421
6411
6402
6392
6382
6372
6363
6353
6343
6333
6323
6314
6304
6294
6284
6275
6265
6255
6245
6235
6226
6216
6206
6196
6187
6177
6167
6157
6147
6138
6128
6118
6108
6099
6089
6079
6069
6060
6050
6040
6030
6020
6011
6001
5991
5981
5972
5962
5952
5942
5932
5923
5913
5903
5893
5884
5874
5864
5854
5844
5835
5825
5815
5805
5796
5786
5776
5766
5757
5747
5737
5727
5717
5708
5698
5688
5678
5669
5659
5649
5639
5629
5620
5610
5600
5590
5581
5571
5561
5551
5541
5532
5522
5512
5502
5493
5483
5473
5463
5454
5444
5434
5424
5414
5405
5395
5385
5375
5366
5356
5346
5336
5326
5317
5307
5297
5287
5278
5268
5258
5248
5238
5229
5219
5209
5199
5190
5180
5170
5160
5151
5141
5131
5121
5111
5102
5092
5082
5072
5063
5053
5043
5033
5023
5014
5004
4994
4984
4975
4965
4955
4945
4935
4926
4916
4906
4896
4887
4877
4867
4857
4848
4838
4828
4818
4808
4799
4789
4779
4769
4760
4750
4740
4730
4720
4711
4701
4691
4681
4672
4662
4652
4642
4632
4623
4613
4603
4593
4584
4574
4564
4554
4545
4535
4525
4515
4505
4496
4486
4476
4466
4457
4447
4437
4427
4417
4408
4398
4388
4378
4369
4359
4349
4339
4329
4320
4310
4300
4290
4281
4271
4261
4251
4242
4232
4222
4212
4202
4193
4183
4173
4163
4154
4144
4134
4124
4114
4105
4095
4085
4075
4066
4056
4046
4036
4026
4017
4007
3997
3987
3978
3968
3958
3948
3939
3929
3919
3909
3899
3890
3880
3870
3860
3851
3841
3831
3821
3811
3802
3792
3782
3772
3763
3753
3743
3733
3723
3714
3704
3694
3684
3675
3665
3655
3645
3636
3626
3616
3606
3596
3587
3577
3567
3557
3548
3538
3528
3518
3508
3499
3489
3479
3469
3460
3450
3440
3430
3420
3411
3401
3391
3381
3372
3362
3352
3342
3333
3323
3313
3303
3293
3284
3274
3264
3254
3245
3235
3225
3215
3205
3196
3186
3176
3166
3157
3147
3137
3127
3117
3108
3098
3088
3078
3069
3059
3049
3039
3030
3020
3010
3000
2990
2981
2971
2961
2951
2942
2932
2922
2912
2902
2893
2883
2873
2863
2854
2844
2834
2824
2814
2805
2795
2785
2775
2766
2756
2746
2736
2727
2717
2707
2697
2687
2678
2668
2658
2648
2639
2629
2619
2609
2599
2590
2580
2570
2560
2551
2541
2531
2521
2511
2502
2492
2482
2472
2463
2453
2443
2433
2424
2414
2404
2394
2384
2375
2365
2355
2345
2336
2326
2316
2306
2296
2287
2277
2267
2257
2248
2238
2228
2218
2208
2199
2189
2179
2169
2160
2150
2140
2130
2121
2111
2101
2091
2081
2072
2062
2052
2042
2033
2023
2013
2003
1993
1984
1974
1964
1954
1945
1935
1925
1915
1905
1896
1886
1876
1866
1857
1847
1837
1827
1818
1808
1798
1788
1778
1769
1759
1749
1739
1730
1720
1710
1700
1690
1681
1671
1661
1651
1642
1632
1622
1612
1602
1593
1583
1573
1563
1554
1544
1534
1524
1515
1505
1495
1485
1475
1466
1456
1446
1436
1427
1417
1407
1397
1387
1378
1368
1358
1348
1339
1329
1319
1309
1299
1290
1280
1270
1260
1251
1241
1231
1221
1212
1202
1192
1182
1172
1163
1153
1143
1133
1124
1114
1104
1094
1084
1075
1065
1055
1045
1036
1026
1016
1006
996
987
977
967
957
948
938
928
918
909
899
889
879
869
860
850
840
830
821
811
801
791
781
772
762
752
742
733
723
713
703
693
684
674
664
654
645
635
625
615
606
596
586
576
566
557
547
537
527
518
508
498
488
478
469
459
449
439
430
420
410
400
390
381
371
361
351
342
332
322
312
303
293
283
273
263
254
244
234
224
215
205
195
185
175
166
156
146
136
127
117
107
97
87
78
68
58
48
39
29
19
9
0
