3072
1983
1904
2131
6979
5974
6240
9395
9524
4641
1932
8755
6356
5074
8299
9545
7161
6926
1229
7384
1130
1160
3329
7850
7440
5996
7186
6873
6746
2900
3617
3098
5467
6042
4415
4150
6143
987
849
6038
9531
8356
5814
8443
4657
1580
6020
5000
3955
622
5358
316
7759
5489
5426
7695
5576
8885
750
5305
2869
3789
8707
6089
3091
8627
5698
9481
1974
6108
4243
4572
5404
2922
6901
4944
7378
9288
2607
5862
9377
2581
5413
986
7520
8544
8007
2609
7453
5772
9315
9135
1989
1120
7402
3251
3808
2206
6095
1503
5115
2333
2172
7399
4845
1334
5471
3541
2619
6504
8338
3847
2023
2920
1464
7254
482
9112
1171
3619
2466
3922
9235
1424
6351
8258
3049
4585
2856
7918
569
5293
1907
9938
7054
8541
4641
9244
1719
6607
5919
657
5807
8543
8937
8394
4506
1923
3721
5710
1228
5050
6141
8381
7236
3488
4967
1015
1733
1904
7997
2663
7589
4839
6545
6287
414
6224
9595
7025
5313
3650
3634
2599
3867
2258
219
7599
3728
4438
9400
6039
3924
6856
1137
4561
8649
7059
6111
355
1906
8221
5765
9693
9157
16
8778
1512
5071
5766
4721
2872
6962
1921
3658
4045
8410
7845
9649
8956
1117
7843
4707
7925
7408
8978
3249
8193
3174
876
2542
5625
1907
4930
850
4918
8287
3517
2353
9296
3383
9155
1446
5125
3693
1681
2472
233
5727
5099
8303
8836
6309
1885
2640
2637
5796
2493
6931
817
799
1648
1254
143
2734
9173
7770
9539
3975
2130
2651
6349
776
329
605
909
9110
6614
2130
302
7439
8248
2425
5180
1740
697
7216
8739
8947
9132
7562
3573
7001
9442
2315
1896
8693
6153
8384
5578
7263
546
6955
2385
8039
6349
4044
7764
4530
8643
5452
63
8686
3904
6995
3015
7783
6491
8857
2779
963
6659
3370
2882
4583
2040
9410
5655
6957
2578
7095
5966
7517
2482
134
8930
9720
6020
3942
7004
2259
4509
9257
8978
5312
7399
8017
4650
4665
2422
4063
7945
3942
4502
2086
5244
1966
8179
2286
2914
409
7765
4741
6580
6132
2310
9440
386
8702
3457
4399
5484
5423
3096
8654
6681
5257
402
7927
823
6262
527
4309
2128
4241
7945
7380
3110
2705
8010
3620
1467
5743
7748
7325
4735
2344
9537
2828
8390
4062
8295
9675
4613
1562
9799
4766
4665
9628
5155
3242
4645
5955
8826
3968
9494
215
7985
4615
820
4163
5135
2248
2823
7681
5173
1683
7731
942
8392
5582
4914
3340
2604
7646
6845
3846
8127
1630
9399
4590
944
9916
3909
5427
9978
4483
8750
702
8929
2611
1483
8363
9511
5533
74
5620
3131
5994
4213
6665
9183
3980
5002
796
4436
2492
4823
5001
6580
3009
2357
1043
1644
946
6077
9994
4388
9587
3035
4040
2476
6620
398
8330
2885
3384
9128
44
2890
8984
8409
6861
7721
8199
9074
8194
785
3545
9880
4374
6281
2844
3256
1343
6443
4385
7985
524
3099
292
7458
6074
5896
950
7537
7446
4958
8700
7701
3245
5702
3152
3409
3535
859
1461
4046
8993
25
665
3203
2306
1187
1155
1140
9478
3537
3595
4692
5534
7029
5513
952
5048
1400
7397
7513
2658
5862
4190
9429
1578
3907
4806
9219
1889
6568
4634
6722
8591
9966
4832
813
2112
4582
3449
9740
859
9570
9813
4826
2579
2340
5174
7663
9942
6657
2253
2249
4210
2065
2657
2092
2024
5045
8126
9027
3673
2837
6249
2353
1614
7286
6210
393
7604
9909
1122
438
3811
8531
4116
7768
4415
5676
6240
780
4887
6629
1138
5606
8299
9410
137
8254
283
6465
7916
8228
9723
6518
695
8177
802
820
2835
43
1746
2357
7251
9621
2562
3686
2634
9089
6214
8370
2171
9539
4320
3850
1336
4483
8128
3357
7100
1902
471
7274
9908
4506
9193
6527
8167
6708
2817
9740
2311
776
158
9497
2304
7292
6267
2497
3069
6202
2141
3210
4234
1368
6789
4482
7491
4453
3301
2584
1420
4674
7296
4435
9882
9850
7993
2403
9150
6719
7517
3842
7650
5395
93
2551
1724
6433
2500
6455
8911
8486
2039
3832
6497
3694
9626
3763
344
4703
6799
5317
1437
9020
3353
6339
8450
8903
127
3575
7951
3975
6059
2363
8952
3009
8850
6705
7083
9958
7583
8492
8614
6681
8424
319
6069
7115
6866
8176
5865
213
1105
6329
7956
4609
5383
6731
6416
1142
253
3982
9007
4238
5039
3962
4637
9925
7794
5835
5330
2896
8561
1541
7061
6888
9941
8244
4442
2818
6019
7821
3099
9596
7327
183
8084
8965
3758
1664
6872
4922
9033
5645
8466
5913
3229
770
8518
3348
4735
6970
6325
1475
7678
9380
95
8294
3233
3098
6787
5014
6447
1999
4162
9223
893
2564
8146
2157
929
5863
6798
8871
3334
8408
4075
8732
1529
6185
69
7936
159
226
3879
4467
4713
8511
9594
9159
8704
5462
469
4925
4715
392
5650
7610
8352
5972
194
8555
3238
9394
8230
8802
1112
5107
4942
7483
6454
498
6895
5168
54
8487
7661
6980
8184
2312
7945
176
8214
7788
7043
3417
1546
5582
8560
4330
8858
7018
2998
9939
6015
3767
3397
8446
1972
2785
4064
7193
6025
9330
6745
21
6102
6076
7914
8394
9933
5
2127
7845
5720
288
5234
7775
5746
7636
558
1755
2306
1051
2181
11
1233
6441
8605
9232
7933
1223
1669
8892
7174
8011
3605
1413
2613
6
4563
7209
7645
9529
9090
2649
921
4661
8341
9139
9733
846
418
7808
5785
8251
225
502
1280
1244
3859
9291
8935
5752
384
4935
1216
8898
6872
7252
5270
9272
8187
7333
6155
8056
7893
6176
4782
575
6273
4889
5688
7136
7502
6957
3861
573
2927
2216
8799
8964
6635
819
3958
9017
6757
1261
3421
860
3783
9589
2974
6727
5511
7633
4925
71
9628
6686
6297
2820
7417
757
2367
8910
5175
3158
1897
422
8434
6724
1716
9254
7866
3709
8767
7278
6361
9348
5231
876
2212
1692
687
8999
2987
6579
5253
4840
4922
1992
5728
1078
8786
8011
8061
6685
8450
3744
4825
2745
1774
7584
3505
8245
3842
6716
213
6346
4304
1310
9771
6870
5669
8734
1599
5339
4074
4733
9880
3345
7461
530
838
9562
4240
9295
1400
751
2849
1615
1802
7916
9401
8558
7707
2884
5737
3141
6092
3954
1213
8352
1636
894
7020
8766
7713
9113
6376
5860
6106
8117
7792
8111
5952
7379
1797
5076
3826
3978
6442
5669
9951
2625
7204
4195
4981
8281
5985
3915
2633
4586
7333
5198
1040
3417
8879
7184
9626
2674
714
2365
7646
2664
6799
3683
5904
9702
920
4288
1680
8641
5104
1305
7516
7100
1382
7155
3461
823
5119
738
2943
2373
8443
5980
3057
4441
5424
4185
269
429
2755
1098
6234
2862
8518
770
924
615
8875
7205
7253
5336
3526
2924
1765
210
6416
850
701
2546
9800
4863
2146
7528
7188
4222
3116
4788
6421
2188
7838
7980
8344
7152
5728
9691
9913
8050
7351
8521
5187
2649
4983
4035
4050
2740
6991
9127
4969
5188
5410
2095
8718
4853
3478
5303
1635
8056
9349
4204
6193
1662
9857
4868
4221
5315
3269
2180
1884
9940
230
529
707
5662
952
5462
3126
5237
6445
527
5826
2909
7944
9760
3351
6473
9312
4838
189
4942
4832
5991
327
1378
203
7992
6901
3031
9164
3451
6163
7406
7964
4803
3823
7497
4141
6374
6424
754
2611
5405
4578
97
5171
5467
102
2494
5843
5128
4677
1491
3984
1161
8285
9901
5375
4973
7893
3983
6651
758
866
4179
3565
8370
3996
3502
9914
7046
9803
8255
2230
2726
3419
6340
3158
3411
6478
7208
4467
881
4256
5757
7914
5588
902
562
81
2791
9776
7521
9444
6600
4638
8600
3373
1011
4318
3313
9842
6313
3395
2752
7897
3037
5313
825
8822
8956
5013
1932
5061
4550
8434
6254
5810
8333
1094
3077
309
3529
9563
9647
9164
6661
9321
2768
5889
1770
2216
3414
4715
8693
4387
3674
9824
9160
3769
2678
9399
8410
6622
9677
9595
955
6446
4396
2444
4025
2289
2427
9232
9992
9273
5391
7847
8017
2296
2719
908
858
1071
241
4695
8238
2913
7889
8767
360
8855
5469
8989
4705
6300
6224
4011
7268
1032
137
4556
8171
4522
1415
5317
7608
6495
4499
3033
4849
6399
506
3362
3112
9030
5654
3739
6358
1920
152
1819
1844
5870
5844
4811
1494
5557
6840
7593
996
2341
5370
6869
5590
2727
3454
5848
9724
5808
9457
8885
2791
5730
6356
984
6840
3330
5656
2795
5314
9460
9843
4775
5966
4978
7261
5943
9372
700
7514
6263
5088
3529
6195
4412
2720
7403
6195
3598
4601
3841
2235
3408
8905
8358
850
1265
701
870
4189
6442
5799
369
8903
1143
1467
8088
4333
3651
7942
1637
5481
8667
9276
9063
7400
693
7629
1002
4442
4442
7811
8837
7014
6414
2986
6541
4599
9537
3148
8759
5703
1965
5592
8347
8759
7599
654
1972
2152
9619
7178
995
6969
761
5835
7556
2989
420
3775
6696
5800
1648
6205
1969
5286
4403
6382
9388
7000
9052
840
9481
924
1864
4073
7686
8327
8788
2972
8761
9858
3885
9211
1052
5183
4131
7938
8243
934
2668
4316
2985
8304
2997
5404
2344
1519
7954
3913
3976
7768
8535
5975
8606
5038
7855
2526
6214
1260
5049
4633
1740
4735
4435
2126
4627
9150
5535
3237
9160
2903
4818
8390
4081
791
8219
6275
111
2021
3457
9647
9715
6859
3621
3530
5373
18
1014
8283
3295
1305
8547
3689
7568
5011
987
1477
1900
3626
2864
2871
4505
3747
8954
4995
2740
7008
4680
9400
3130
8955
9922
1317
371
1638
6586
2840
8504
7484
5296
197
6341
5155
4084
9407
2986
4129
9479
166
1323
7288
9626
5709
2743
9616
664
9094
9686
8943
9728
8525
6460
5799
2026
3054
6490
4188
3610
6371
2195
4880
7202
6190
8732
8941
2914
5199
5117
79
875
5091
7268
1851
4098
3418
7561
6640
6784
5187
6299
5657
9525
9302
3529
1467
9180
3117
1966
8705
8570
2832
995
306
3280
5660
24
3980
3937
5039
4494
6191
6909
4994
827
7720
6859
4419
2256
7432
7301
2174
5911
6737
4557
9720
934
6829
5294
7368
9121
6202
4365
7491
9308
662
9310
3138
8253
8867
8835
7889
4384
7943
8367
1302
7476
3266
4889
4076
7923
861
3500
3100
3647
5852
7019
4055
6935
6367
98
1122
1577
8475
2535
4111
2625
3039
5440
6804
64
3526
3662
6570
3784
3929
4918
2995
7763
638
8641
1193
8724
8689
4857
7824
5813
6221
1236
8391
1567
3862
5629
9712
8344
1142
4061
2217
6087
8483
8537
1782
3059
7034
8005
989
2121
4602
998
7182
7692
3439
3781
6029
8119
7385
2048
7053
4318
5240
7850
7083
579
647
8867
7300
1236
5954
3042
4212
9233
9941
9550
2060
4907
7266
5196
3103
7624
3422
7011
8153
6595
1753
2267
3805
3265
1257
5188
6601
3214
7378
2803
1608
38
3284
471
3460
4320
400
3322
7829
3620
7048
2547
9899
1964
3378
3624
8948
233
7657
1056
9578
5645
3633
919
6076
6581
1701
8186
2871
2154
814
7378
7649
9229
4642
7791
18
3983
1062
6233
4784
3923
4289
2539
3733
1131
1999
9212
2399
7103
7823
1378
2340
3852
1226
6491
303
3736
8720
9142
2348
9268
4113
332
8219
6235
1812
1261
9060
2935
1560
6692
3816
9075
8692
9452
4640
7450
8141
6172
6005
894
5012
5821
9163
4709
6073
7309
1882
3390
6672
5100
9482
9073
4878
1908
4074
2501
5536
8726
4029
8331
7064
414
9123
8775
6310
5464
3055
3183
2399
4460
4490
779
7804
7413
4883
3964
4449
3408
8832
5930
1464
144
470
1686
7497
62
8402
2910
2825
6797
4818
6671
8701
4076
6690
36
2825
2020
6758
6268
1113
9153
4385
8810
9770
1422
7152
6150
4710
1225
4487
5985
1851
7845
8133
6117
9223
3982
566
3083
146
1896
7589
7286
3688
9296
4268
2749
2002
7636
8170
3910
1999
5454
5391
4414
1972
2315
3735
2373
2797
4090
5536
7446
5966
1520
8090
2180
7228
6985
5067
4767
6289
1161
4124
8134
6319
8624
7475
4343
2852
7131
5741
4610
5318
1287
696
3563
5228
305
1994
6734
1497
1049
8082
4029
2758
7077
8873
4581
3866
7778
2260
2223
3896
213
5081
4642
6438
2639
9420
2517
4645
6127
6421
8018
9698
9985
2543
7703
8200
5908
8623
3190
1647
7706
799
4364
8661
1912
7798
4814
3047
1917
1590
9407
8797
1728
8066
2750
8751
6354
8346
9900
1448
8034
8564
7836
6198
2319
8649
1939
9834
4216
8857
2799
8850
2687
5291
3300
1072
8973
9830
1585
1159
5279
6581
1666
4482
8157
6090
414
6945
3083
674
5840
7344
9833
9568
7123
4326
9573
4809
7590
8567
8944
5932
1423
3894
8030
2620
7883
5163
8887
5979
2564
5325
8666
1396
4716
7084
7970
6245
8710
9565
7616
5592
3636
243
6695
3948
6522
8054
4199
8229
4801
3059
2546
5436
6984
9632
9642
2420
6837
8442
8891
4571
8442
941
3493
6456
5426
3615
3329
663
3418
3289
8612
1391
9628
9059
9986
3437
439
4731
570
2574
9659
9810
7040
5438
2464
6147
6280
6440
8230
2305
1709
9336
4662
7356
353
3861
696
2591
351
8501
9598
4569
9484
7132
8541
1381
5052
9285
716
9529
2369
1995
3941
9480
5374
8676
6825
7796
4954
4667
9840
3092
416
2264
2638
2829
2452
4446
849
7920
799
3858
9478
9344
4859
6867
3387
1678
7802
5769
847
1715
3728
7678
438
7385
6338
7012
1545
5830
1206
7634
3114
7430
5834
447
6869
3172
7328
2073
5841
5989
4599
3905
2518
322
2693
8247
3513
8224
9184
9422
2403
4701
4300
3372
7136
8232
5406
6049
9666
1950
6752
6849
8054
3565
5437
511
9790
2246
604
5895
8558
6148
9193
120
418
564
2094
5581
6268
7872
5874
2295
8220
4395
4424
1689
5207
2203
5496
3775
1402
1086
3754
3163
3464
7659
3854
1517
639
3559
7209
2447
3625
3440
8778
1610
782
9913
4907
9977
6807
5890
3331
9064
3341
8499
8824
8424
6816
6213
8241
450
3076
9709
8362
2325
837
4454
417
7326
8395
1833
1933
9475
4392
1900
9566
8716
3967
9749
6655
286
7871
9049
6824
2757
3660
2214
4864
4958
8479
3817
2352
2382
8147
2412
2627
8594
65
7360
8169
4597
6982
8387
5563
4183
7055
3885
3033
3424
6567
4109
2190
5729
1351
4731
7653
3378
3948
8682
5685
7726
7895
3004
2616
6952
7933
2145
9337
2712
8671
6558
6412
3093
3604
8358
7639
8513
9425
5368
5198
9932
107
68
5165
3781
3476
6923
3694
5156
9249
4882
1674
9421
6332
6274
444
7058
3461
2496
3473
7929
4755
6532
6460
1620
9337
3512
6694
8947
7795
5375
1186
7426
7183
7199
1391
7040
1785
940
2310
4926
1071
4963
9395
4559
19
1312
2369
4930
671
9020
3742
8633
6162
7958
9998
6134
9209
6893
6971
2417
6425
7879
6761
1384
2808
6289
1432
8180
4779
8692
7714
6307
458
3504
1685
3127
6016
5832
8315
9947
7695
5209
6276
9741
7952
1864
7125
5501
2775
4935
4522
6736
4437
5940
5959
6017
504
6319
9788
6469
1597
5365
8807
5145
9638
925
6019
7659
870
5599
6749
7585
4536
1404
8408
441
3264
5182
6871
3775
3241
2252
7079
772
3454
58
7583
1585
6308
5979
8848
1560
8836
8548
7814
1555
4071
9647
5937
268
5514
1336
4333
6968
8480
2680
2716
7889
1671
1531
6582
7534
7890
1168
2359
913
9798
3501
7799
4877
9409
876
6599
1537
2932
6886
2246
2294
5905
3210
7091
1233
3887
7865
4205
5893
954
626
3990
7960
1864
1509
4599
2448
9079
406
7437
4698
5809
8064
4289
2535
6913
7972
53
4596
8736
7517
9273
7156
4184
8160
5406
2124
2266
4709
6882
1754
8362
1516
2682
6771
7112
5375
8286
5720
8170
9218
4669
1428
3716
457
2866
261
9034
9239
8910
4980
3660
3998
5445
5571
6336
6071
5397
3186
5150
9999
6272
1709
4372
8125
5050
6678
6122
9020
750
4234
2864
6329
8812
1011
9683
6411
6589
4170
158
3625
6567
9846
1661
4892
8699
8165
189
9139
4124
7974
4560
4909
2762
3329
4284
3591
8860
212
3027
7745
2797
6698
173
7839
4205
9786
8529
9065
7336
6954
3043
1743
6899
4029
4551
9069
9362
1232
9971
631
7191
2365
2115
1377
1430
4490
9094
7982
9284
7554
7238
3315
3821
8781
5493
7238
6804
1758
7683
2376
693
1609
7131
3469
2982
3855
2333
6260
9917
5351
951
9735
4027
7867
7484
7537
9206
2812
1638
6790
5076
6659
9720
3284
8627
8597
4620
8980
6405
2338
3692
5965
1673
3739
1756
1909
645
4381
2628
7156
1743
430
891
1256
7915
5907
5838
7503
2575
8924
4193
3188
2130
5852
4668
3737
1426
3432
4567
7677
5349
2908
7024
1466
9032
5892
4409
2045
9363
2862
63
1347
1709
8554
3668
653
8011
5354
734
624
2340
1980
7337
3036
7297
9073
7479
3350
2240
329
152
5571
247
6125
6724
5732
4997
7769
7541
4921
2580
4004
6514
3971
2075
7965
7942
2043
1648
1956
8832
5912
9995
4418
5683
7296
4181
69
957
8975
8463
2508
6436
4573
7487
4764
7820
9183
2789
5757
8550
7324
9965
8484
9555
5626
2829
6365
9878
4372
8493
7492
9095
2411
86
1793
6627
4503
8259
7358
9569
1735
6260
7077
7184
2092
6226
3051
8715
9119
4829
4564
7471
7962
5312
7985
803
5578
9350
6541
7142
8671
534
7887
8295
157
7018
9964
5149
626
1262
7181
9239
9108
2531
4665
5390
1446
4339
9775
5798
1015
7102
4786
9619
3720
3811
1600
6137
3640
9675
8481
6139
3470
6752
3993
1125
5313
555
2778
4342
759
1242
5481
6132
5753
3056
5066
9843
7823
9030
4843
4385
3837
4095
555
3240
6873
3066
5109
6743
9944
6144
4637
6874
4005
2413
1205
8373
8477
1164
4508
96
7385
955
1508
4492
6681
4862
2110
2932
7994
5935
5716
1470
1444
4467
7715
2097
3330
6183
804
6497
5134
9481
5445
6453
2424
4259
2696
8762
8227
2307
8087
5296
2221
6518
7619
3602
1881
4770
7112
4355
3707
1939
6350
8468
9087
941
3967
7538
6422
5920
880
5724
6702
9018
3405
8466
9884
3830
6886
3449
9609
1618
1872
747
0
4
7
10
14
17
20
23
27
30
33
36
40
43
46
49
53
56
59
62
66
69
72
75
79
82
85
88
92
95
98
101
105
108
111
114
118
121
124
127
131
134
137
141
144
147
150
154
157
160
163
167
170
173
176
180
183
186
189
193
196
199
202
206
209
212
215
219
222
225
228
232
235
238
241
245
248
251
254
258
261
264
267
271
274
277
281
284
287
290
294
297
300
303
307
310
313
316
320
323
326
329
333
336
339
342
346
349
352
355
359
362
365
368
372
375
378
381
385
388
391
394
398
401
404
407
411
414
417
421
424
427
430
434
437
440
443
447
450
453
456
460
463
466
469
473
476
479
482
486
489
492
495
499
502
505
508
512
515
518
521
525
528
531
534
538
541
544
547
551
554
557
561
564
567
570
574
577
580
583
587
590
593
596
600
603
606
609
613
616
619
622
626
629
632
635
639
642
645
648
652
655
658
661
665
668
671
674
678
681
684
688
691
694
697
701
704
707
710
714
717
720
723
727
730
733
736
740
743
746
749
753
756
759
762
766
769
772
775
779
782
785
788
792
795
798
801
805
808
811
814
818
821
824
828
831
834
837
841
844
847
850
854
857
860
863
867
870
873
876
880
883
886
889
893
896
899
902
906
909
912
915
919
922
925
928
932
935
938
941
945
948
951
954
958
961
964
968
971
974
977
981
984
987
990
994
997
1000
1003
1007
1010
1013
1016
1020
1023
1026
1029
1033
1036
1039
1042
1046
1049
1052
1055
1059
1062
1065
1068
1072
1075
1078
1081
1085
1088
1091
1094
1098
1101
1104
1108
1111
1114
1117
1121
1124
1127
1130
1134
1137
1140
1143
1147
1150
1153
1156
1160
1163
1166
1169
1173
1176
1179
1182
1186
1189
1192
1195
1199
1202
1205
1208
1212
1215
1218
1221
1225
1228
1231
1235
1238
1241
1244
1248
1251
1254
1257
1261
1264
1267
1270
1274
1277
1280
1283
1287
1290
1293
1296
1300
1303
1306
1309
1313
1316
1319
1322
1326
1329
1332
1335
1339
1342
1345
1348
1352
1355
1358
1361
1365
1368
1371
1375
1378
1381
1384
1388
1391
1394
1397
1401
1404
1407
1410
1414
1417
1420
1423
1427
1430
1433
1436
1440
1443
1446
1449
1453
1456
1459
1462
1466
1469
1472
1475
1479
1482
1485
1488
1492
1495
1498
1501
1505
1508
1511
1515
1518
1521
1524
1528
1531
1534
1537
1541
1544
1547
1550
1554
1557
1560
1563
1567
1570
1573
1576
1580
1583
1586
1589
1593
1596
1599
1602
1606
1609
1612
1615
1619
1622
1625
1628
1632
1635
1638
1641
1645
1648
1651
1655
1658
1661
1664
1668
1671
1674
1677
1681
1684
1687
1690
1694
1697
1700
1703
1707
1710
1713
1716
1720
1723
1726
1729
1733
1736
1739
1742
1746
1749
1752
1755
1759
1762
1765
1768
1772
1775
1778
1782
1785
1788
1791
1795
1798
1801
1804
1808
1811
1814
1817
1821
1824
1827
1830
1834
1837
1840
1843
1847
1850
1853
1856
1860
1863
1866
1869
1873
1876
1879
1882
1886
1889
1892
1895
1899
1902
1905
1908
1912
1915
1918
1922
1925
1928
1931
1935
1938
1941
1944
1948
1951
1954
1957
1961
1964
1967
1970
1974
1977
1980
1983
1987
1990
1993
1996
2000
2003
2006
2009
2013
2016
2019
2022
2026
2029
2032
2035
2039
2042
2045
2048
2052
2055
2058
2062
2065
2068
2071
2075
2078
2081
2084
2088
2091
2094
2097
2101
2104
2107
2110
2114
2117
2120
2123
2127
2130
2133
2136
2140
2143
2146
2149
2153
2156
2159
2162
2166
2169
2172
2175
2179
2182
2185
2188
2192
2195
2198
2202
2205
2208
2211
2215
2218
2221
2224
2228
2231
2234
2237
2241
2244
2247
2250
2254
2257
2260
2263
2267
2270
2273
2276
2280
2283
2286
2289
2293
2296
2299
2302
2306
2309
2312
2315
2319
2322
2325
2328
2332
2335
2338
2342
2345
2348
2351
2355
2358
2361
2364
2368
2371
2374
2377
2381
2384
2387
2390
2394
2397
2400
2403
2407
2410
2413
2416
2420
2423
2426
2429
2433
2436
2439
2442
2446
2449
2452
2455
2459
2462
2465
2469
2472
2475
2478
2482
2485
2488
2491
2495
2498
2501
2504
2508
2511
2514
2517
2521
2524
2527
2530
2534
2537
2540
2543
2547
2550
2553
2556
2560
2563
2566
2569
2573
2576
2579
2582
2586
2589
2592
2595
2599
2602
2605
2609
2612
2615
2618
2622
2625
2628
2631
2635
2638
2641
2644
2648
2651
2654
2657
2661
2664
2667
2670
2674
2677
2680
2683
2687
2690
2693
2696
2700
2703
2706
2709
2713
2716
2719
2722
2726
2729
2732
2735
2739
2742
2745
2749
2752
2755
2758
2762
2765
2768
2771
2775
2778
2781
2784
2788
2791
2794
2797
2801
2804
2807
2810
2814
2817
2820
2823
2827
2830
2833
2836
2840
2843
2846
2849
2853
2856
2859
2862
2866
2869
2872
2875
2879
2882
2885
2889
2892
2895
2898
2902
2905
2908
2911
2915
2918
2921
2924
2928
2931
2934
2937
2941
2944
2947
2950
2954
2957
2960
2963
2967
2970
2973
2976
2980
2983
2986
2989
2993
2996
2999
3002
3006
3009
3012
3016
3019
3022
3025
3029
3032
3035
3038
3042
3045
3048
3051
3055
3058
3061
3064
3068
3071
3074
3077
3081
3084
3087
3090
3094
3097
3100
3103
3107
3110
3113
3116
3120
3123
3126
3129
3133
3136
3139
3142
3146
3149
3152
3156
3159
3162
3165
3169
3172
3175
3178
3182
3185
3188
3191
3195
3198
3201
3204
3208
3211
3214
3217
3221
3224
3227
3230
3234
3237
3240
3243
3247
3250
3253
3256
3260
3263
3266
3269
3273
3276
3279
3282
3286
3289
3292
3296
3299
3302
3305
3309
3312
3315
3318
3322
3325
3328
3331
3335
3338
3341
3344
3348
3351
3354
3357
3361
3364
3367
3370
3374
3377
3380
3383
3387
3390
3393
3396
3400
3403
3406
3409
3413
3416
3419
3422
3426
3429
3432
3436
3439
3442
3445
3449
3452
3455
3458
3462
3465
3468
3471
3475
3478
3481
3484
3488
3491
3494
3497
3501
3504
3507
3510
3514
3517
3520
3523
3527
3530
3533
3536
3540
3543
3546
3549
3553
3556
3559
3563
3566
3569
3572
3576
3579
3582
3585
3589
3592
3595
3598
3602
3605
3608
3611
3615
3618
3621
3624
3628
3631
3634
3637
3641
3644
3647
3650
3654
3657
3660
3663
3667
3670
3673
3676
3680
3683
3686
3689
3693
3696
3699
3703
3706
3709
3712
3716
3719
3722
3725
3729
3732
3735
3738
3742
3745
3748
3751
3755
3758
3761
3764
3768
3771
3774
3777
3781
3784
3787
3790
3794
3797
3800
3803
3807
3810
3813
3816
3820
3823
3826
3829
3833
3836
3839
3843
3846
3849
3852
3856
3859
3862
3865
3869
3872
3875
3878
3882
3885
3888
3891
3895
3898
3901
3904
3908
3911
3914
3917
3921
3924
3927
3930
3934
3937
3940
3943
3947
3950
3953
3956
3960
3963
3966
3969
3973
3976
3979
3983
3986
3989
3992
3996
3999
4002
4005
4009
4012
4015
4018
4022
4025
4028
4031
4035
4038
4041
4044
4048
4051
4054
4057
4061
4064
4067
4070
4074
4077
4080
4083
4087
4090
4093
4096
4100
4103
4106
4109
4113
4116
4119
4123
4126
4129
4132
4136
4139
4142
4145
4149
4152
4155
4158
4162
4165
4168
4171
4175
4178
4181
4184
4188
4191
4194
4197
4201
4204
4207
4210
4214
4217
4220
4223
4227
4230
4233
4236
4240
4243
4246
4250
4253
4256
4259
4263
4266
4269
4272
4276
4279
4282
4285
4289
4292
4295
4298
4302
4305
4308
4311
4315
4318
4321
4324
4328
4331
4334
4337
4341
4344
4347
4350
4354
4357
4360
4363
4367
4370
4373
4376
4380
4383
4386
4390
4393
4396
4399
4403
4406
4409
4412
4416
4419
4422
4425
4429
4432
4435
4438
4442
4445
4448
4451
4455
4458
4461
4464
4468
4471
4474
4477
4481
4484
4487
4490
4494
4497
4500
4503
4507
4510
4513
4516
4520
4523
4526
4530
4533
4536
4539
4543
4546
4549
4552
4556
4559
4562
4565
4569
4572
4575
4578
4582
4585
4588
4591
4595
4598
4601
4604
4608
4611
4614
4617
4621
4624
4627
4630
4634
4637
4640
4643
4647
4650
4653
4656
4660
4663
4666
4670
4673
4676
4679
4683
4686
4689
4692
4696
4699
4702
4705
4709
4712
4715
4718
4722
4725
4728
4731
4735
4738
4741
4744
4748
4751
4754
4757
4761
4764
4767
4770
4774
4777
4780
4783
4787
4790
4793
4797
4800
4803
4806
4810
4813
4816
4819
4823
4826
4829
4832
4836
4839
4842
4845
4849
4852
4855
4858
4862
4865
4868
4871
4875
4878
4881
4884
4888
4891
4894
4897
4901
4904
4907
4910
4914
4917
4920
4923
4927
4930
4933
4937
4940
4943
4946
4950
4953
4956
4959
4963
4966
4969
4972
4976
4979
4982
4985
4989
4992
4995
4998
5002
5005
5008
5011
5015
5018
5021
5024
5028
5031
5034
5037
5041
5044
5047
5050
5054
5057
5060
5063
5067
5070
5073
5077
5080
5083
5086
5090
5093
5096
5099
5103
5106
5109
5112
5116
5119
5122
5125
5129
5132
5135
5138
5142
5145
5148
5151
5155
5158
5161
5164
5168
5171
5174
5177
5181
5184
5187
5190
5194
5197
5200
5203
5207
5210
5213
5217
5220
5223
5226
5230
5233
5236
5239
5243
5246
5249
5252
5256
5259
5262
5265
5269
5272
5275
5278
5282
5285
5288
5291
5295
5298
5301
5304
5308
5311
5314
5317
5321
5324
5327
5330
5334
5337
5340
5344
5347
5350
5353
5357
5360
5363
5366
5370
5373
5376
5379
5383
5386
5389
5392
5396
5399
5402
5405
5409
5412
5415
5418
5422
5425
5428
5431
5435
5438
5441
5444
5448
5451
5454
5457
5461
5464
5467
5470
5474
5477
5480
5484
5487
5490
5493
5497
5500
5503
5506
5510
5513
5516
5519
5523
5526
5529
5532
5536
5539
5542
5545
5549
5552
5555
5558
5562
5565
5568
5571
5575
5578
5581
5584
5588
5591
5594
5597
5601
5604
5607
5610
5614
5617
5620
5624
5627
5630
5633
5637
5640
5643
5646
5650
5653
5656
5659
5663
5666
5669
5672
5676
5679
5682
5685
5689
5692
5695
5698
5702
5705
5708
5711
5715
5718
5721
5724
5728
5731
5734
5737
5741
5744
5747
5750
5754
5757
5760
5764
5767
5770
5773
5777
5780
5783
5786
5790
5793
5796
5799
5803
5806
5809
5812
5816
5819
5822
5825
5829
5832
5835
5838
5842
5845
5848
5851
5855
5858
5861
5864
5868
5871
5874
5877
5881
5884
5887
5891
5894
5897
5900
5904
5907
5910
5913
5917
5920
5923
5926
5930
5933
5936
5939
5943
5946
5949
5952
5956
5959
5962
5965
5969
5972
5975
5978
5982
5985
5988
5991
5995
5998
6001
6004
6008
6011
6014
6017
6021
6024
6027
6031
6034
6037
6040
6044
6047
6050
6053
6057
6060
6063
6066
6070
6073
6076
6079
6083
6086
6089
6092
6096
6099
6102
6105
6109
6112
6115
6118
6122
6125
6128
6131
6135
6138
6141
6144
6148
6151
6154
6157
6161
6164
6167
6171
6174
6177
6180
6184
6187
6190
6193
6197
6200
6203
6206
6210
6213
6216
6219
6223
6226
6229
6232
6236
6239
6242
6245
6249
6252
6255
6258
6262
6265
6268
6271
6275
6278
6281
6284
6288
6291
6294
6297
6301
6304
6307
6311
6314
6317
6320
6324
6327
6330
6333
6337
6340
6343
6346
6350
6353
6356
6359
6363
6366
6369
6372
6376
6379
6382
6385
6389
6392
6395
6398
6402
6405
6408
6411
6415
6418
6421
6424
6428
6431
6434
6437
6441
6444
6447
6451
6454
6457
6460
6464
6467
6470
6473
6477
6480
6483
6486
6490
6493
6496
6499
6503
6506
6509
6512
6516
6519
6522
6525
6529
6532
6535
6538
6542
6545
6548
6551
6555
6558
6561
6564
6568
6571
6574
6578
6581
6584
6587
6591
6594
6597
6600
6604
6607
6610
6613
6617
6620
6623
6626
6630
6633
6636
6639
6643
6646
6649
6652
6656
6659
6662
6665
6669
6672
6675
6678
6682
6685
6688
6691
6695
6698
6701
6704
6708
6711
6714
6718
6721
6724
6727
6731
6734
6737
6740
6744
6747
6750
6753
6757
6760
6763
6766
6770
6773
6776
6779
6783
6786
6789
6792
6796
6799
6802
6805
6809
6812
6815
6818
6822
6825
6828
6831
6835
6838
6841
6844
6848
6851
6854
6858
6861
6864
6867
6871
6874
6877
6880
6884
6887
6890
6893
6897
6900
6903
6906
6910
6913
6916
6919
6923
6926
6929
6932
6936
6939
6942
6945
6949
6952
6955
6958
6962
6965
6968
6971
6975
6978
6981
6984
6988
6991
6994
6998
7001
7004
7007
7011
7014
7017
7020
7024
7027
7030
7033
7037
7040
7043
7046
7050
7053
7056
7059
7063
7066
7069
7072
7076
7079
7082
7085
7089
7092
7095
7098
7102
7105
7108
7111
7115
7118
7121
7125
7128
7131
7134
7138
7141
7144
7147
7151
7154
7157
7160
7164
7167
7170
7173
7177
7180
7183
7186
7190
7193
7196
7199
7203
7206
7209
7212
7216
7219
7222
7225
7229
7232
7235
7238
7242
7245
7248
7251
7255
7258
7261
7265
7268
7271
7274
7278
7281
7284
7287
7291
7294
7297
7300
7304
7307
7310
7313
7317
7320
7323
7326
7330
7333
7336
7339
7343
7346
7349
7352
7356
7359
7362
7365
7369
7372
7375
7378
7382
7385
7388
7391
7395
7398
7401
7405
7408
7411
7414
7418
7421
7424
7427
7431
7434
7437
7440
7444
7447
7450
7453
7457
7460
7463
7466
7470
7473
7476
7479
7483
7486
7489
7492
7496
7499
7502
7505
7509
7512
7515
7518
7522
7525
7528
7531
7535
7538
7541
7545
7548
7551
7554
7558
7561
7564
7567
7571
7574
7577
7580
7584
7587
7590
7593
7597
7600
7603
7606
7610
7613
7616
7619
7623
7626
7629
7632
7636
7639
7642
7645
7649
7652
7655
7658
7662
7665
7668
7672
7675
7678
7681
7685
7688
7691
7694
7698
7701
7704
7707
7711
7714
7717
7720
7724
7727
7730
7733
7737
7740
7743
7746
7750
7753
7756
7759
7763
7766
7769
7772
7776
7779
7782
7785
7789
7792
7795
7798
7802
7805
7808
7812
7815
7818
7821
7825
7828
7831
7834
7838
7841
7844
7847
7851
7854
7857
7860
7864
7867
7870
7873
7877
7880
7883
7886
7890
7893
7896
7899
7903
7906
7909
7912
7916
7919
7922
7925
7929
7932
7935
7938
7942
7945
7948
7952
7955
7958
7961
7965
7968
7971
7974
7978
7981
7984
7987
7991
7994
7997
8000
8004
8007
8010
8013
8017
8020
8023
8026
8030
8033
8036
8039
8043
8046
8049
8052
8056
8059
8062
8065
8069
8072
8075
8078
8082
8085
8088
8092
8095
8098
8101
8105
8108
8111
8114
8118
8121
8124
8127
8131
8134
8137
8140
8144
8147
8150
8153
8157
8160
8163
8166
8170
8173
8176
8179
8183
8186
8189
8192
8196
8199
8202
8205
8209
8212
8215
8218
8222
8225
8228
8232
8235
8238
8241
8245
8248
8251
8254
8258
8261
8264
8267
8271
8274
8277
8280
8284
8287
8290
8293
8297
8300
8303
8306
8310
8313
8316
8319
8323
8326
8329
8332
8336
8339
8342
8345
8349
8352
8355
8359
8362
8365
8368
8372
8375
8378
8381
8385
8388
8391
8394
8398
8401
8404
8407
8411
8414
8417
8420
8424
8427
8430
8433
8437
8440
8443
8446
8450
8453
8456
8459
8463
8466
8469
8472
8476
8479
8482
8485
8489
8492
8495
8499
8502
8505
8508
8512
8515
8518
8521
8525
8528
8531
8534
8538
8541
8544
8547
8551
8554
8557
8560
8564
8567
8570
8573
8577
8580
8583
8586
8590
8593
8596
8599
8603
8606
8609
8612
8616
8619
8622
8625
8629
8632
8635
8639
8642
8645
8648
8652
8655
8658
8661
8665
8668
8671
8674
8678
8681
8684
8687
8691
8694
8697
8700
8704
8707
8710
8713
8717
8720
8723
8726
8730
8733
8736
8739
8743
8746
8749
8752
8756
8759
8762
8765
8769
8772
8775
8779
8782
8785
8788
8792
8795
8798
8801
8805
8808
8811
8814
8818
8821
8824
8827
8831
8834
8837
8840
8844
8847
8850
8853
8857
8860
8863
8866
8870
8873
8876
8879
8883
8886
8889
8892
8896
8899
8902
8906
8909
8912
8915
8919
8922
8925
8928
8932
8935
8938
8941
8945
8948
8951
8954
8958
8961
8964
8967
8971
8974
8977
8980
8984
8987
8990
8993
8997
9000
9003
9006
9010
9013
9016
9019
9023
9026
9029
9032
9036
9039
9042
9046
9049
9052
9055
9059
9062
9065
9068
9072
9075
9078
9081
9085
9088
9091
9094
9098
9101
9104
9107
9111
9114
9117
9120
9124
9127
9130
9133
9137
9140
9143
9146
9150
9153
9156
9159
9163
9166
9169
9172
9176
9179
9182
9186
9189
9192
9195
9199
9202
9205
9208
9212
9215
9218
9221
9225
9228
9231
9234
9238
9241
9244
9247
9251
9254
9257
9260
9264
9267
9270
9273
9277
9280
9283
9286
9290
9293
9296
9299
9303
9306
9309
9312
9316
9319
9322
9326
9329
9332
9335
9339
9342
9345
9348
9352
9355
9358
9361
9365
9368
9371
9374
9378
9381
9384
9387
9391
9394
9397
9400
9404
9407
9410
9413
9417
9420
9423
9426
9430
9433
9436
9439
9443
9446
9449
9453
9456
9459
9462
9466
9469
9472
9475
9479
9482
9485
9488
9492
9495
9498
9501
9505
9508
9511
9514
9518
9521
9524
9527
9531
9534
9537
9540
9544
9547
9550
9553
9557
9560
9563
9566
9570
9573
9576
9579
9583
9586
9589
9593
9596
9599
9602
9606
9609
9612
9615
9619
9622
9625
9628
9632
9635
9638
9641
9645
9648
9651
9654
9658
9661
9664
9667
9671
9674
9677
9680
9684
9687
9690
9693
9697
9700
9703
9706
9710
9713
9716
9719
9723
9726
9729
9733
9736
9739
9742
9746
9749
9752
9755
9759
9762
9765
9768
9772
9775
9778
9781
9785
9788
9791
9794
9798
9801
9804
9807
9811
9814
9817
9820
9824
9827
9830
9833
9837
9840
9843
9846
9850
9853
9856
9859
9863
9866
9869
9873
9876
9879
9882
9886
9889
9892
9895
9899
9902
9905
9908
9912
9915
9918
9921
9925
9928
9931
9934
9938
9941
9944
9947
9951
9954
9957
9960
9964
9967
9970
9973
9977
9980
9983
9986
9990
9993
9996
9999
9999
9995
9992
9989
9985
9982
9979
9976
9972
9969
9966
9963
9959
9956
9953
9950
9946
9943
9940
9937
9933
9930
9927
9924
9920
9917
9914
9911
9907
9904
9901
9898
9894
9891
9888
9885
9881
9878
9875
9872
9868
9865
9862
9858
9855
9852
9849
9845
9842
9839
9836
9832
9829
9826
9823
9819
9816
9813
9810
9806
9803
9800
9797
9793
9790
9787
9784
9780
9777
9774
9771
9767
9764
9761
9758
9754
9751
9748
9745
9741
9738
9735
9732
9728
9725
9722
9718
9715
9712
9709
9705
9702
9699
9696
9692
9689
9686
9683
9679
9676
9673
9670
9666
9663
9660
9657
9653
9650
9647
9644
9640
9637
9634
9631
9627
9624
9621
9618
9614
9611
9608
9605
9601
9598
9595
9592
9588
9585
9582
9578
9575
9572
9569
9565
9562
9559
9556
9552
9549
9546
9543
9539
9536
9533
9530
9526
9523
9520
9517
9513
9510
9507
9504
9500
9497
9494
9491
9487
9484
9481
9478
9474
9471
9468
9465
9461
9458
9455
9452
9448
9445
9442
9438
9435
9432
9429
9425
9422
9419
9416
9412
9409
9406
9403
9399
9396
9393
9390
9386
9383
9380
9377
9373
9370
9367
9364
9360
9357
9354
9351
9347
9344
9341
9338
9334
9331
9328
9325
9321
9318
9315
9311
9308
9305
9302
9298
9295
9292
9289
9285
9282
9279
9276
9272
9269
9266
9263
9259
9256
9253
9250
9246
9243
9240
9237
9233
9230
9227
9224
9220
9217
9214
9211
9207
9204
9201
9198
9194
9191
9188
9185
9181
9178
9175
9171
9168
9165
9162
9158
9155
9152
9149
9145
9142
9139
9136
9132
9129
9126
9123
9119
9116
9113
9110
9106
9103
9100
9097
9093
9090
9087
9084
9080
9077
9074
9071
9067
9064
9061
9058
9054
9051
9048
9045
9041
9038
9035
9031
9028
9025
9022
9018
9015
9012
9009
9005
9002
8999
8996
8992
8989
8986
8983
8979
8976
8973
8970
8966
8963
8960
8957
8953
8950
8947
8944
8940
8937
8934
8931
8927
8924
8921
8918
8914
8911
8908
8905
8901
8898
8895
8891
8888
8885
8882
8878
8875
8872
8869
8865
8862
8859
8856
8852
8849
8846
8843
8839
8836
8833
8830
8826
8823
8820
8817
8813
8810
8807
8804
8800
8797
8794
8791
8787
8784
8781
8778
8774
8771
8768
8764
8761
8758
8755
8751
8748
8745
8742
8738
8735
8732
8729
8725
8722
8719
8716
8712
8709
8706
8703
8699
8696
8693
8690
8686
8683
8680
8677
8673
8670
8667
8664
8660
8657
8654
8651
8647
8644
8641
8638
8634
8631
8628
8624
8621
8618
8615
8611
8608
8605
8602
8598
8595
8592
8589
8585
8582
8579
8576
8572
8569
8566
8563
8559
8556
8553
8550
8546
8543
8540
8537
8533
8530
8527
8524
8520
8517
8514
8511
8507
8504
8501
8498
8494
8491
8488
8484
8481
8478
8475
8471
8468
8465
8462
8458
8455
8452
8449
8445
8442
8439
8436
8432
8429
8426
8423
8419
8416
8413
8410
8406
8403
8400
8397
8393
8390
8387
8384
8380
8377
8374
8371
8367
8364
8361
8358
8354
8351
8348
8344
8341
8338
8335
8331
8328
8325
8322
8318
8315
8312
8309
8305
8302
8299
8296
8292
8289
8286
8283
8279
8276
8273
8270
8266
8263
8260
8257
8253
8250
8247
8244
8240
8237
8234
8231
8227
8224
8221
8217
8214
8211
8208
8204
8201
8198
8195
8191
8188
8185
8182
8178
8175
8172
8169
8165
8162
8159
8156
8152
8149
8146
8143
8139
8136
8133
8130
8126
8123
8120
8117
8113
8110
8107
8104
8100
8097
8094
8091
8087
8084
8081
8077
8074
8071
8068
8064
8061
8058
8055
8051
8048
8045
8042
8038
8035
8032
8029
8025
8022
8019
8016
8012
8009
8006
8003
7999
7996
7993
7990
7986
7983
7980
7977
7973
7970
7967
7964
7960
7957
7954
7951
7947
7944
7941
7937
7934
7931
7928
7924
7921
7918
7915
7911
7908
7905
7902
7898
7895
7892
7889
7885
7882
7879
7876
7872
7869
7866
7863
7859
7856
7853
7850
7846
7843
7840
7837
7833
7830
7827
7824
7820
7817
7814
7811
7807
7804
7801
7797
7794
7791
7788
7784
7781
7778
7775
7771
7768
7765
7762
7758
7755
7752
7749
7745
7742
7739
7736
7732
7729
7726
7723
7719
7716
7713
7710
7706
7703
7700
7697
7693
7690
7687
7684
7680
7677
7674
7671
7667
7664
7661
7657
7654
7651
7648
7644
7641
7638
7635
7631
7628
7625
7622
7618
7615
7612
7609
7605
7602
7599
7596
7592
7589
7586
7583
7579
7576
7573
7570
7566
7563
7560
7557
7553
7550
7547
7544
7540
7537
7534
7530
7527
7524
7521
7517
7514
7511
7508
7504
7501
7498
7495
7491
7488
7485
7482
7478
7475
7472
7469
7465
7462
7459
7456
7452
7449
7446
7443
7439
7436
7433
7430
7426
7423
7420
7417
7413
7410
7407
7404
7400
7397
7394
7390
7387
7384
7381
7377
7374
7371
7368
7364
7361
7358
7355
7351
7348
7345
7342
7338
7335
7332
7329
7325
7322
7319
7316
7312
7309
7306
7303
7299
7296
7293
7290
7286
7283
7280
7277
7273
7270
7267
7264
7260
7257
7254
7250
7247
7244
7241
7237
7234
7231
7228
7224
7221
7218
7215
7211
7208
7205
7202
7198
7195
7192
7189
7185
7182
7179
7176
7172
7169
7166
7163
7159
7156
7153
7150
7146
7143
7140
7137
7133
7130
7127
7124
7120
7117
7114
7110
7107
7104
7101
7097
7094
7091
7088
7084
7081
7078
7075
7071
7068
7065
7062
7058
7055
7052
7049
7045
7042
7039
7036
7032
7029
7026
7023
7019
7016
7013
7010
7006
7003
7000
6997
6993
6990
6987
6983
6980
6977
6974
6970
6967
6964
6961
6957
6954
6951
6948
6944
6941
6938
6935
6931
6928
6925
6922
6918
6915
6912
6909
6905
6902
6899
6896
6892
6889
6886
6883
6879
6876
6873
6870
6866
6863
6860
6857
6853
6850
6847
6843
6840
6837
6834
6830
6827
6824
6821
6817
6814
6811
6808
6804
6801
6798
6795
6791
6788
6785
6782
6778
6775
6772
6769
6765
6762
6759
6756
6752
6749
6746
6743
6739
6736
6733
6730
6726
6723
6720
6717
6713
6710
6707
6703
6700
6697
6694
6690
6687
6684
6681
6677
6674
6671
6668
6664
6661
6658
6655
6651
6648
6645
6642
6638
6635
6632
6629
6625
6622
6619
6616
6612
6609
6606
6603
6599
6596
6593
6590
6586
6583
6580
6577
6573
6570
6567
6563
6560
6557
6554
6550
6547
6544
6541
6537
6534
6531
6528
6524
6521
6518
6515
6511
6508
6505
6502
6498
6495
6492
6489
6485
6482
6479
6476
6472
6469
6466
6463
6459
6456
6453
6450
6446
6443
6440
6436
6433
6430
6427
6423
6420
6417
6414
6410
6407
6404
6401
6397
6394
6391
6388
6384
6381
6378
6375
6371
6368
6365
6362
6358
6355
6352
6349
6345
6342
6339
6336
6332
6329
6326
6323
6319
6316
6313
6310
6306
6303
6300
6296
6293
6290
6287
6283
6280
6277
6274
6270
6267
6264
6261
6257
6254
6251
6248
6244
6241
6238
6235
6231
6228
6225
6222
6218
6215
6212
6209
6205
6202
6199
6196
6192
6189
6186
6183
6179
6176
6173
6170
6166
6163
6160
6156
6153
6150
6147
6143
6140
6137
6134
6130
6127
6124
6121
6117
6114
6111
6108
6104
6101
6098
6095
6091
6088
6085
6082
6078
6075
6072
6069
6065
6062
6059
6056
6052
6049
6046
6043
6039
6036
6033
6030
6026
6023
6020
6016
6013
6010
6007
6003
6000
5997
5994
5990
5987
5984
5981
5977
5974
5971
5968
5964
5961
5958
5955
5951
5948
5945
5942
5938
5935
5932
5929
5925
5922
5919
5916
5912
5909
5906
5903
5899
5896
5893
5890
5886
5883
5880
5876
5873
5870
5867
5863
5860
5857
5854
5850
5847
5844
5841
5837
5834
5831
5828
5824
5821
5818
5815
5811
5808
5805
5802
5798
5795
5792
5789
5785
5782
5779
5776
5772
5769
5766
5763
5759
5756
5753
5749
5746
5743
5740
5736
5733
5730
5727
5723
5720
5717
5714
5710
5707
5704
5701
5697
5694
5691
5688
5684
5681
5678
5675
5671
5668
5665
5662
5658
5655
5652
5649
5645
5642
5639
5636
5632
5629
5626
5623
5619
5616
5613
5609
5606
5603
5600
5596
5593
5590
5587
5583
5580
5577
5574
5570
5567
5564
5561
5557
5554
5551
5548
5544
5541
5538
5535
5531
5528
5525
5522
5518
5515
5512
5509
5505
5502
5499
5496
5492
5489
5486
5483
5479
5476
5473
5469
5466
5463
5460
5456
5453
5450
5447
5443
5440
5437
5434
5430
5427
5424
5421
5417
5414
5411
5408
5404
5401
5398
5395
5391
5388
5385
5382
5378
5375
5372
5369
5365
5362
5359
5356
5352
5349
5346
5343
5339
5336
5333
5329
5326
5323
5320
5316
5313
5310
5307
5303
5300
5297
5294
5290
5287
5284
5281
5277
5274
5271
5268
5264
5261
5258
5255
5251
5248
5245
5242
5238
5235
5232
5229
5225
5222
5219
5216
5212
5209
5206
5202
5199
5196
5193
5189
5186
5183
5180
5176
5173
5170
5167
5163
5160
5157
5154
5150
5147
5144
5141
5137
5134
5131
5128
5124
5121
5118
5115
5111
5108
5105
5102
5098
5095
5092
5089
5085
5082
5079
5076
5072
5069
5066
5062
5059
5056
5053
5049
5046
5043
5040
5036
5033
5030
5027
5023
5020
5017
5014
5010
5007
5004
5001
4997
4994
4991
4988
4984
4981
4978
4975
4971
4968
4965
4962
4958
4955
4952
4949
4945
4942
4939
4936
4932
4929
4926
4922
4919
4916
4913
4909
4906
4903
4900
4896
4893
4890
4887
4883
4880
4877
4874
4870
4867
4864
4861
4857
4854
4851
4848
4844
4841
4838
4835
4831
4828
4825
4822
4818
4815
4812
4809
4805
4802
4799
4796
4792
4789
4786
4782
4779
4776
4773
4769
4766
4763
4760
4756
4753
4750
4747
4743
4740
4737
4734
4730
4727
4724
4721
4717
4714
4711
4708
4704
4701
4698
4695
4691
4688
4685
4682
4678
4675
4672
4669
4665
4662
4659
4655
4652
4649
4646
4642
4639
4636
4633
4629
4626
4623
4620
4616
4613
4610
4607
4603
4600
4597
4594
4590
4587
4584
4581
4577
4574
4571
4568
4564
4561
4558
4555
4551
4548
4545
4542
4538
4535
4532
4529
4525
4522
4519
4515
4512
4509
4506
4502
4499
4496
4493
4489
4486
4483
4480
4476
4473
4470
4467
4463
4460
4457
4454
4450
4447
4444
4441
4437
4434
4431
4428
4424
4421
4418
4415
4411
4408
4405
4402
4398
4395
4392
4389
4385
4382
4379
4375
4372
4369
4366
4362
4359
4356
4353
4349
4346
4343
4340
4336
4333
4330
4327
4323
4320
4317
4314
4310
4307
4304
4301
4297
4294
4291
4288
4284
4281
4278
4275
4271
4268
4265
4262
4258
4255
4252
4249
4245
4242
4239
4235
4232
4229
4226
4222
4219
4216
4213
4209
4206
4203
4200
4196
4193
4190
4187
4183
4180
4177
4174
4170
4167
4164
4161
4157
4154
4151
4148
4144
4141
4138
4135
4131
4128
4125
4122
4118
4115
4112
4108
4105
4102
4099
4095
4092
4089
4086
4082
4079
4076
4073
4069
4066
4063
4060
4056
4053
4050
4047
4043
4040
4037
4034
4030
4027
4024
4021
4017
4014
4011
4008
4004
4001
3998
3995
3991
3988
3985
3982
3978
3975
3972
3968
3965
3962
3959
3955
3952
3949
3946
3942
3939
3936
3933
3929
3926
3923
3920
3916
3913
3910
3907
3903
3900
3897
3894
3890
3887
3884
3881
3877
3874
3871
3868
3864
3861
3858
3855
3851
3848
3845
3842
3838
3835
3832
3828
3825
3822
3819
3815
3812
3809
3806
3802
3799
3796
3793
3789
3786
3783
3780
3776
3773
3770
3767
3763
3760
3757
3754
3750
3747
3744
3741
3737
3734
3731
3728
3724
3721
3718
3715
3711
3708
3705
3702
3698
3695
3692
3688
3685
3682
3679
3675
3672
3669
3666
3662
3659
3656
3653
3649
3646
3643
3640
3636
3633
3630
3627
3623
3620
3617
3614
3610
3607
3604
3601
3597
3594
3591
3588
3584
3581
3578
3575
3571
3568
3565
3562
3558
3555
3552
3548
3545
3542
3539
3535
3532
3529
3526
3522
3519
3516
3513
3509
3506
3503
3500
3496
3493
3490
3487
3483
3480
3477
3474
3470
3467
3464
3461
3457
3454
3451
3448
3444
3441
3438
3435
3431
3428
3425
3421
3418
3415
3412
3408
3405
3402
3399
3395
3392
3389
3386
3382
3379
3376
3373
3369
3366
3363
3360
3356
3353
3350
3347
3343
3340
3337
3334
3330
3327
3324
3321
3317
3314
3311
3308
3304
3301
3298
3295
3291
3288
3285
3281
3278
3275
3272
3268
3265
3262
3259
3255
3252
3249
3246
3242
3239
3236
3233
3229
3226
3223
3220
3216
3213
3210
3207
3203
3200
3197
3194
3190
3187
3184
3181
3177
3174
3171
3168
3164
3161
3158
3155
3151
3148
3145
3141
3138
3135
3132
3128
3125
3122
3119
3115
3112
3109
3106
3102
3099
3096
3093
3089
3086
3083
3080
3076
3073
3070
3067
3063
3060
3057
3054
3050
3047
3044
3041
3037
3034
3031
3028
3024
3021
3018
3015
3011
3008
3005
3001
2998
2995
2992
2988
2985
2982
2979
2975
2972
2969
2966
2962
2959
2956
2953
2949
2946
2943
2940
2936
2933
2930
2927
2923
2920
2917
2914
2910
2907
2904
2901
2897
2894
2891
2888
2884
2881
2878
2874
2871
2868
2865
2861
2858
2855
2852
2848
2845
2842
2839
2835
2832
2829
2826
2822
2819
2816
2813
2809
2806
2803
2800
2796
2793
2790
2787
2783
2780
2777
2774
2770
2767
2764
2761
2757
2754
2751
2748
2744
2741
2738
2734
2731
2728
2725
2721
2718
2715
2712
2708
2705
2702
2699
2695
2692
2689
2686
2682
2679
2676
2673
2669
2666
2663
2660
2656
2653
2650
2647
2643
2640
2637
2634
2630
2627
2624
2621
2617
2614
2611
2608
2604
2601
2598
2594
2591
2588
2585
2581
2578
2575
2572
2568
2565
2562
2559
2555
2552
2549
2546
2542
2539
2536
2533
2529
2526
2523
2520
2516
2513
2510
2507
2503
2500
2497
2494
2490
2487
2484
2481
2477
2474
2471
2468
2464
2461
2458
2454
2451
2448
2445
2441
2438
2435
2432
2428
2425
2422
2419
2415
2412
2409
2406
2402
2399
2396
2393
2389
2386
2383
2380
2376
2373
2370
2367
2363
2360
2357
2354
2350
2347
2344
2341
2337
2334
2331
2327
2324
2321
2318
2314
2311
2308
2305
2301
2298
2295
2292
2288
2285
2282
2279
2275
2272
2269
2266
2262
2259
2256
2253
2249
2246
2243
2240
2236
2233
2230
2227
2223
2220
2217
2214
2210
2207
2204
2201
2197
2194
2191
2187
2184
2181
2178
2174
2171
2168
2165
2161
2158
2155
2152
2148
2145
2142
2139
2135
2132
2129
2126
2122
2119
2116
2113
2109
2106
2103
2100
2096
2093
2090
2087
2083
2080
2077
2074
2070
2067
2064
2061
2057
2054
2051
2047
2044
2041
2038
2034
2031
2028
2025
2021
2018
2015
2012
2008
2005
2002
1999
1995
1992
1989
1986
1982
1979
1976
1973
1969
1966
1963
1960
1956
1953
1950
1947
1943
1940
1937
1934
1930
1927
1924
1921
1917
1914
1911
1907
1904
1901
1898
1894
1891
1888
1885
1881
1878
1875
1872
1868
1865
1862
1859
1855
1852
1849
1846
1842
1839
1836
1833
1829
1826
1823
1820
1816
1813
1810
1807
1803
1800
1797
1794
1790
1787
1784
1781
1777
1774
1771
1767
1764
1761
1758
1754
1751
1748
1745
1741
1738
1735
1732
1728
1725
1722
1719
1715
1712
1709
1706
1702
1699
1696
1693
1689
1686
1683
1680
1676
1673
1670
1667
1663
1660
1657
1654
1650
1647
1644
1640
1637
1634
1631
1627
1624
1621
1618
1614
1611
1608
1605
1601
1598
1595
1592
1588
1585
1582
1579
1575
1572
1569
1566
1562
1559
1556
1553
1549
1546
1543
1540
1536
1533
1530
1527
1523
1520
1517
1514
1510
1507
1504
1500
1497
1494
1491
1487
1484
1481
1478
1474
1471
1468
1465
1461
1458
1455
1452
1448
1445
1442
1439
1435
1432
1429
1426
1422
1419
1416
1413
1409
1406
1403
1400
1396
1393
1390
1387
1383
1380
1377
1374
1370
1367
1364
1360
1357
1354
1351
1347
1344
1341
1338
1334
1331
1328
1325
1321
1318
1315
1312
1308
1305
1302
1299
1295
1292
1289
1286
1282
1279
1276
1273
1269
1266
1263
1260
1256
1253
1250
1247
1243
1240
1237
1234
1230
1227
1224
1220
1217
1214
1211
1207
1204
1201
1198
1194
1191
1188
1185
1181
1178
1175
1172
1168
1165
1162
1159
1155
1152
1149
1146
1142
1139
1136
1133
1129
1126
1123
1120
1116
1113
1110
1107
1103
1100
1097
1093
1090
1087
1084
1080
1077
1074
1071
1067
1064
1061
1058
1054
1051
1048
1045
1041
1038
1035
1032
1028
1025
1022
1019
1015
1012
1009
1006
1002
999
996
993
989
986
983
980
976
973
970
967
963
960
957
953
950
947
944
940
937
934
931
927
924
921
918
914
911
908
905
901
898
895
892
888
885
882
879
875
872
869
866
862
859
856
853
849
846
843
840
836
833
830
827
823
820
817
813
810
807
804
800
797
794
791
787
784
781
778
774
771
768
765
761
758
755
752
748
745
742
739
735
732
729
726
722
719
716
713
709
706
703
700
696
693
690
687
683
680
677
673
670
667
664
660
657
654
651
647
644
641
638
634
631
628
625
621
618
615
612
608
605
602
599
595
592
589
586
582
579
576
573
569
566
563
560
556
553
550
546
543
540
537
533
530
527
524
520
517
514
511
507
504
501
498
494
491
488
485
481
478
475
472
468
465
462
459
455
452
449
446
442
439
436
433
429
426
423
420
416
413
410
406
403
400
397
393
390
387
384
380
377
374
371
367
364
361
358
354
351
348
345
341
338
335
332
328
325
322
319
315
312
309
306
302
299
296
293
289
286
283
280
276
273
270
266
263
260
257
253
250
247
244
240
237
234
231
227
224
221
218
214
211
208
205
201
198
195
192
188
185
182
179
175
172
169
166
162
159
156
153
149
146
143
140
136
133
130
126
123
120
117
113
110
107
104
100
97
94
91
87
84
81
78
74
71
68
65
61
58
55
52
48
45
42
39
35
32
29
26
22
19
16
13
9
6
3
0
