4096
1983
1904
2131
6979
5974
6240
9395
9524
4641
1932
8755
6356
5074
8299
9545
7161
6926
1229
7384
1130
1160
3329
7850
7440
5996
7186
6873
6746
2900
3617
3098
5467
6042
4415
4150
6143
987
849
6038
9531
8356
5814
8443
4657
1580
6020
5000
3955
622
5358
316
7759
5489
5426
7695
5576
8885
750
5305
2869
3789
8707
6089
3091
8627
5698
9481
1974
6108
4243
4572
5404
2922
6901
4944
7378
9288
2607
5862
9377
2581
5413
986
7520
8544
8007
2609
7453
5772
9315
9135
1989
1120
7402
3251
3808
2206
6095
1503
5115
2333
2172
7399
4845
1334
5471
3541
2619
6504
8338
3847
2023
2920
1464
7254
482
9112
1171
3619
2466
3922
9235
1424
6351
8258
3049
4585
2856
7918
569
5293
1907
9938
7054
8541
4641
9244
1719
6607
5919
657
5807
8543
8937
8394
4506
1923
3721
5710
1228
5050
6141
8381
7236
3488
4967
1015
1733
1904
7997
2663
7589
4839
6545
6287
414
6224
9595
7025
5313
3650
3634
2599
3867
2258
219
7599
3728
4438
9400
6039
3924
6856
1137
4561
8649
7059
6111
355
1906
8221
5765
9693
9157
16
8778
1512
5071
5766
4721
2872
6962
1921
3658
4045
8410
7845
9649
8956
1117
7843
4707
7925
7408
8978
3249
8193
3174
876
2542
5625
1907
4930
850
4918
8287
3517
2353
9296
3383
9155
1446
5125
3693
1681
2472
233
5727
5099
8303
8836
6309
1885
2640
2637
5796
2493
6931
817
799
1648
1254
143
2734
9173
7770
9539
3975
2130
2651
6349
776
329
605
909
9110
6614
2130
302
7439
8248
2425
5180
1740
697
7216
8739
8947
9132
7562
3573
7001
9442
2315
1896
8693
6153
8384
5578
7263
546
6955
2385
8039
6349
4044
7764
4530
8643
5452
63
8686
3904
6995
3015
7783
6491
8857
2779
963
6659
3370
2882
4583
2040
9410
5655
6957
2578
7095
5966
7517
2482
134
8930
9720
6020
3942
7004
2259
4509
9257
8978
5312
7399
8017
4650
4665
2422
4063
7945
3942
4502
2086
5244
1966
8179
2286
2914
409
7765
4741
6580
6132
2310
9440
386
8702
3457
4399
5484
5423
3096
8654
6681
5257
402
7927
823
6262
527
4309
2128
4241
7945
7380
3110
2705
8010
3620
1467
5743
7748
7325
4735
2344
9537
2828
8390
4062
8295
9675
4613
1562
9799
4766
4665
9628
5155
3242
4645
5955
8826
3968
9494
215
7985
4615
820
4163
5135
2248
2823
7681
5173
1683
7731
942
8392
5582
4914
3340
2604
7646
6845
3846
8127
1630
9399
4590
944
9916
3909
5427
9978
4483
8750
702
8929
2611
1483
8363
9511
5533
74
5620
3131
5994
4213
6665
9183
3980
5002
796
4436
2492
4823
5001
6580
3009
2357
1043
1644
946
6077
9994
4388
9587
3035
4040
2476
6620
398
8330
2885
3384
9128
44
2890
8984
8409
6861
7721
8199
9074
8194
785
3545
9880
4374
6281
2844
3256
1343
6443
4385
7985
524
3099
292
7458
6074
5896
950
7537
7446
4958
8700
7701
3245
5702
3152
3409
3535
859
1461
4046
8993
25
665
3203
2306
1187
1155
1140
9478
3537
3595
4692
5534
7029
5513
952
5048
1400
7397
7513
2658
5862
4190
9429
1578
3907
4806
9219
1889
6568
4634
6722
8591
9966
4832
813
2112
4582
3449
9740
859
9570
9813
4826
2579
2340
5174
7663
9942
6657
2253
2249
4210
2065
2657
2092
2024
5045
8126
9027
3673
2837
6249
2353
1614
7286
6210
393
7604
9909
1122
438
3811
8531
4116
7768
4415
5676
6240
780
4887
6629
1138
5606
8299
9410
137
8254
283
6465
7916
8228
9723
6518
695
8177
802
820
2835
43
1746
2357
7251
9621
2562
3686
2634
9089
6214
8370
2171
9539
4320
3850
1336
4483
8128
3357
7100
1902
471
7274
9908
4506
9193
6527
8167
6708
2817
9740
2311
776
158
9497
2304
7292
6267
2497
3069
6202
2141
3210
4234
1368
6789
4482
7491
4453
3301
2584
1420
4674
7296
4435
9882
9850
7993
2403
9150
6719
7517
3842
7650
5395
93
2551
1724
6433
2500
6455
8911
8486
2039
3832
6497
3694
9626
3763
344
4703
6799
5317
1437
9020
3353
6339
8450
8903
127
3575
7951
3975
6059
2363
8952
3009
8850
6705
7083
9958
7583
8492
8614
6681
8424
319
6069
7115
6866
8176
5865
213
1105
6329
7956
4609
5383
6731
6416
1142
253
3982
9007
4238
5039
3962
4637
9925
7794
5835
5330
2896
8561
1541
7061
6888
9941
8244
4442
2818
6019
7821
3099
9596
7327
183
8084
8965
3758
1664
6872
4922
9033
5645
8466
5913
3229
770
8518
3348
4735
6970
6325
1475
7678
9380
95
8294
3233
3098
6787
5014
6447
1999
4162
9223
893
2564
8146
2157
929
5863
6798
8871
3334
8408
4075
8732
1529
6185
69
7936
159
226
3879
4467
4713
8511
9594
9159
8704
5462
469
4925
4715
392
5650
7610
8352
5972
194
8555
3238
9394
8230
8802
1112
5107
4942
7483
6454
498
6895
5168
54
8487
7661
6980
8184
2312
7945
176
8214
7788
7043
3417
1546
5582
8560
4330
8858
7018
2998
9939
6015
3767
3397
8446
1972
2785
4064
7193
6025
9330
6745
21
6102
6076
7914
8394
9933
5
2127
7845
5720
288
5234
7775
5746
7636
558
1755
2306
1051
2181
11
1233
6441
8605
9232
7933
1223
1669
8892
7174
8011
3605
1413
2613
6
4563
7209
7645
9529
9090
2649
921
4661
8341
9139
9733
846
418
7808
5785
8251
225
502
1280
1244
3859
9291
8935
5752
384
4935
1216
8898
6872
7252
5270
9272
8187
7333
6155
8056
7893
6176
4782
575
6273
4889
5688
7136
7502
6957
3861
573
2927
2216
8799
8964
6635
819
3958
9017
6757
1261
3421
860
3783
9589
2974
6727
5511
7633
4925
71
9628
6686
6297
2820
7417
757
2367
8910
5175
3158
1897
422
8434
6724
1716
9254
7866
3709
8767
7278
6361
9348
5231
876
2212
1692
687
8999
2987
6579
5253
4840
4922
1992
5728
1078
8786
8011
8061
6685
8450
3744
4825
2745
1774
7584
3505
8245
3842
6716
213
6346
4304
1310
9771
6870
5669
8734
1599
5339
4074
4733
9880
3345
7461
530
838
9562
4240
9295
1400
751
2849
1615
1802
7916
9401
8558
7707
2884
5737
3141
6092
3954
1213
8352
1636
894
7020
8766
7713
9113
6376
5860
6106
8117
7792
8111
5952
7379
1797
5076
3826
3978
6442
5669
9951
2625
7204
4195
4981
8281
5985
3915
2633
4586
7333
5198
1040
3417
8879
7184
9626
2674
714
2365
7646
2664
6799
3683
5904
9702
920
4288
1680
8641
5104
1305
7516
7100
1382
7155
3461
823
5119
738
2943
2373
8443
5980
3057
4441
5424
4185
269
429
2755
1098
6234
2862
8518
770
924
615
8875
7205
7253
5336
3526
2924
1765
210
6416
850
701
2546
9800
4863
2146
7528
7188
4222
3116
4788
6421
2188
7838
7980
8344
7152
5728
9691
9913
8050
7351
8521
5187
2649
4983
4035
4050
2740
6991
9127
4969
5188
5410
2095
8718
4853
3478
5303
1635
8056
9349
4204
6193
1662
9857
4868
4221
5315
3269
2180
1884
9940
230
529
707
5662
952
5462
3126
5237
6445
527
5826
2909
7944
9760
3351
6473
9312
4838
189
4942
4832
5991
327
1378
203
7992
6901
3031
9164
3451
6163
7406
7964
4803
3823
7497
4141
6374
6424
754
2611
5405
4578
97
5171
5467
102
2494
5843
5128
4677
1491
3984
1161
8285
9901
5375
4973
7893
3983
6651
758
866
4179
3565
8370
3996
3502
9914
7046
9803
8255
2230
2726
3419
6340
3158
3411
6478
7208
4467
881
4256
5757
7914
5588
902
562
81
2791
9776
7521
9444
6600
4638
8600
3373
1011
4318
3313
9842
6313
3395
2752
7897
3037
5313
825
8822
8956
5013
1932
5061
4550
8434
6254
5810
8333
1094
3077
309
3529
9563
9647
9164
6661
9321
2768
5889
1770
2216
3414
4715
8693
4387
3674
9824
9160
3769
2678
9399
8410
6622
9677
9595
955
6446
4396
2444
4025
2289
2427
9232
9992
9273
5391
7847
8017
2296
2719
908
858
1071
241
4695
8238
2913
7889
8767
360
8855
5469
8989
4705
6300
6224
4011
7268
1032
137
4556
8171
4522
1415
5317
7608
6495
4499
3033
4849
6399
506
3362
3112
9030
5654
3739
6358
1920
152
1819
1844
5870
5844
4811
1494
5557
6840
7593
996
2341
5370
6869
5590
2727
3454
5848
9724
5808
9457
8885
2791
5730
6356
984
6840
3330
5656
2795
5314
9460
9843
4775
5966
4978
7261
5943
9372
700
7514
6263
5088
3529
6195
4412
2720
7403
6195
3598
4601
3841
2235
3408
8905
8358
850
1265
701
870
4189
6442
5799
369
8903
1143
1467
8088
4333
3651
7942
1637
5481
8667
9276
9063
7400
693
7629
1002
4442
4442
7811
8837
7014
6414
2986
6541
4599
9537
3148
8759
5703
1965
5592
8347
8759
7599
654
1972
2152
9619
7178
995
6969
761
5835
7556
2989
420
3775
6696
5800
1648
6205
1969
5286
4403
6382
9388
7000
9052
840
9481
924
1864
4073
7686
8327
8788
2972
8761
9858
3885
9211
1052
5183
4131
7938
8243
934
2668
4316
2985
8304
2997
5404
2344
1519
7954
3913
3976
7768
8535
5975
8606
5038
7855
2526
6214
1260
5049
4633
1740
4735
4435
2126
4627
9150
5535
3237
9160
2903
4818
8390
4081
791
8219
6275
111
2021
3457
9647
9715
6859
3621
3530
5373
18
1014
8283
3295
1305
8547
3689
7568
5011
987
1477
1900
3626
2864
2871
4505
3747
8954
4995
2740
7008
4680
9400
3130
8955
9922
1317
371
1638
6586
2840
8504
7484
5296
197
6341
5155
4084
9407
2986
4129
9479
166
1323
7288
9626
5709
2743
9616
664
9094
9686
8943
9728
8525
6460
5799
2026
3054
6490
4188
3610
6371
2195
4880
7202
6190
8732
8941
2914
5199
5117
79
875
5091
7268
1851
4098
3418
7561
6640
6784
5187
6299
5657
9525
9302
3529
1467
9180
3117
1966
8705
8570
2832
995
306
3280
5660
24
3980
3937
5039
4494
6191
6909
4994
827
7720
6859
4419
2256
7432
7301
2174
5911
6737
4557
9720
934
6829
5294
7368
9121
6202
4365
7491
9308
662
9310
3138
8253
8867
8835
7889
4384
7943
8367
1302
7476
3266
4889
4076
7923
861
3500
3100
3647
5852
7019
4055
6935
6367
98
1122
1577
8475
2535
4111
2625
3039
5440
6804
64
3526
3662
6570
3784
3929
4918
2995
7763
638
8641
1193
8724
8689
4857
7824
5813
6221
1236
8391
1567
3862
5629
9712
8344
1142
4061
2217
6087
8483
8537
1782
3059
7034
8005
989
2121
4602
998
7182
7692
3439
3781
6029
8119
7385
2048
7053
4318
5240
7850
7083
579
647
8867
7300
1236
5954
3042
4212
9233
9941
9550
2060
4907
7266
5196
3103
7624
3422
7011
8153
6595
1753
2267
3805
3265
1257
5188
6601
3214
7378
2803
1608
38
3284
471
3460
4320
400
3322
7829
3620
7048
2547
9899
1964
3378
3624
8948
233
7657
1056
9578
5645
3633
919
6076
6581
1701
8186
2871
2154
814
7378
7649
9229
4642
7791
18
3983
1062
6233
4784
3923
4289
2539
3733
1131
1999
9212
2399
7103
7823
1378
2340
3852
1226
6491
303
3736
8720
9142
2348
9268
4113
332
8219
6235
1812
1261
9060
2935
1560
6692
3816
9075
8692
9452
4640
7450
8141
6172
6005
894
5012
5821
9163
4709
6073
7309
1882
3390
6672
5100
9482
9073
4878
1908
4074
2501
5536
8726
4029
8331
7064
414
9123
8775
6310
5464
3055
3183
2399
4460
4490
779
7804
7413
4883
3964
4449
3408
8832
5930
1464
144
470
1686
7497
62
8402
2910
2825
6797
4818
6671
8701
4076
6690
36
2825
2020
6758
6268
1113
9153
4385
8810
9770
1422
7152
6150
4710
1225
4487
5985
1851
7845
8133
6117
9223
3982
566
3083
146
1896
7589
7286
3688
9296
4268
2749
2002
7636
8170
3910
1999
5454
5391
4414
1972
2315
3735
2373
2797
4090
5536
7446
5966
1520
8090
2180
7228
6985
5067
4767
6289
1161
4124
8134
6319
8624
7475
4343
2852
7131
5741
4610
5318
1287
696
3563
5228
305
1994
6734
1497
1049
8082
4029
2758
7077
8873
4581
3866
7778
2260
2223
3896
213
5081
4642
6438
2639
9420
2517
4645
6127
6421
8018
9698
9985
2543
7703
8200
5908
8623
3190
1647
7706
799
4364
8661
1912
7798
4814
3047
1917
1590
9407
8797
1728
8066
2750
8751
6354
8346
9900
1448
8034
8564
7836
6198
2319
8649
1939
9834
4216
8857
2799
8850
2687
5291
3300
1072
8973
9830
1585
1159
5279
6581
1666
4482
8157
6090
414
6945
3083
674
5840
7344
9833
9568
7123
4326
9573
4809
7590
8567
8944
5932
1423
3894
8030
2620
7883
5163
8887
5979
2564
5325
8666
1396
4716
7084
7970
6245
8710
9565
7616
5592
3636
243
6695
3948
6522
8054
4199
8229
4801
3059
2546
5436
6984
9632
9642
2420
6837
8442
8891
4571
8442
941
3493
6456
5426
3615
3329
663
3418
3289
8612
1391
9628
9059
9986
3437
439
4731
570
2574
9659
9810
7040
5438
2464
6147
6280
6440
8230
2305
1709
9336
4662
7356
353
3861
696
2591
351
8501
9598
4569
9484
7132
8541
1381
5052
9285
716
9529
2369
1995
3941
9480
5374
8676
6825
7796
4954
4667
9840
3092
416
2264
2638
2829
2452
4446
849
7920
799
3858
9478
9344
4859
6867
3387
1678
7802
5769
847
1715
3728
7678
438
7385
6338
7012
1545
5830
1206
7634
3114
7430
5834
447
6869
3172
7328
2073
5841
5989
4599
3905
2518
322
2693
8247
3513
8224
9184
9422
2403
4701
4300
3372
7136
8232
5406
6049
9666
1950
6752
6849
8054
3565
5437
511
9790
2246
604
5895
8558
6148
9193
120
418
564
2094
5581
6268
7872
5874
2295
8220
4395
4424
1689
5207
2203
5496
3775
1402
1086
3754
3163
3464
7659
3854
1517
639
3559
7209
2447
3625
3440
8778
1610
782
9913
4907
9977
6807
5890
3331
9064
3341
8499
8824
8424
6816
6213
8241
450
3076
9709
8362
2325
837
4454
417
7326
8395
1833
1933
9475
4392
1900
9566
8716
3967
9749
6655
286
7871
9049
6824
2757
3660
2214
4864
4958
8479
3817
2352
2382
8147
2412
2627
8594
65
7360
8169
4597
6982
8387
5563
4183
7055
3885
3033
3424
6567
4109
2190
5729
1351
4731
7653
3378
3948
8682
5685
7726
7895
3004
2616
6952
7933
2145
9337
2712
8671
6558
6412
3093
3604
8358
7639
8513
9425
5368
5198
9932
107
68
5165
3781
3476
6923
3694
5156
9249
4882
1674
9421
6332
6274
444
7058
3461
2496
3473
7929
4755
6532
6460
1620
9337
3512
6694
8947
7795
5375
1186
7426
7183
7199
1391
7040
1785
940
2310
4926
1071
4963
9395
4559
19
1312
2369
4930
671
9020
3742
8633
6162
7958
9998
6134
9209
6893
6971
2417
6425
7879
6761
1384
2808
6289
1432
8180
4779
8692
7714
6307
458
3504
1685
3127
6016
5832
8315
9947
7695
5209
6276
9741
7952
1864
7125
5501
2775
4935
4522
6736
4437
5940
5959
6017
504
6319
9788
6469
1597
5365
8807
5145
9638
925
6019
7659
870
5599
6749
7585
4536
1404
8408
441
3264
5182
6871
3775
3241
2252
7079
772
3454
58
7583
1585
6308
5979
8848
1560
8836
8548
7814
1555
4071
9647
5937
268
5514
1336
4333
6968
8480
2680
2716
7889
1671
1531
6582
7534
7890
1168
2359
913
9798
3501
7799
4877
9409
876
6599
1537
2932
6886
2246
2294
5905
3210
7091
1233
3887
7865
4205
5893
954
626
3990
7960
1864
1509
4599
2448
9079
406
7437
4698
5809
8064
4289
2535
6913
7972
53
4596
8736
7517
9273
7156
4184
8160
5406
2124
2266
4709
6882
1754
8362
1516
2682
6771
7112
5375
8286
5720
8170
9218
4669
1428
3716
457
2866
261
9034
9239
8910
4980
3660
3998
5445
5571
6336
6071
5397
3186
5150
9999
6272
1709
4372
8125
5050
6678
6122
9020
750
4234
2864
6329
8812
1011
9683
6411
6589
4170
158
3625
6567
9846
1661
4892
8699
8165
189
9139
4124
7974
4560
4909
2762
3329
4284
3591
8860
212
3027
7745
2797
6698
173
7839
4205
9786
8529
9065
7336
6954
3043
1743
6899
4029
4551
9069
9362
1232
9971
631
7191
2365
2115
1377
1430
4490
9094
7982
9284
7554
7238
3315
3821
8781
5493
7238
6804
1758
7683
2376
693
1609
7131
3469
2982
3855
2333
6260
9917
5351
951
9735
4027
7867
7484
7537
9206
2812
1638
6790
5076
6659
9720
3284
8627
8597
4620
8980
6405
2338
3692
5965
1673
3739
1756
1909
645
4381
2628
7156
1743
430
891
1256
7915
5907
5838
7503
2575
8924
4193
3188
2130
5852
4668
3737
1426
3432
4567
7677
5349
2908
7024
1466
9032
5892
4409
2045
9363
2862
63
1347
1709
8554
3668
653
8011
5354
734
624
2340
1980
7337
3036
7297
9073
7479
3350
2240
329
152
5571
247
6125
6724
5732
4997
7769
7541
4921
2580
4004
6514
3971
2075
7965
7942
2043
1648
1956
8832
5912
9995
4418
5683
7296
4181
69
957
8975
8463
2508
6436
4573
7487
4764
7820
9183
2789
5757
8550
7324
9965
8484
9555
5626
2829
6365
9878
4372
8493
7492
9095
2411
86
1793
6627
4503
8259
7358
9569
1735
6260
7077
7184
2092
6226
3051
8715
9119
4829
4564
7471
7962
5312
7985
803
5578
9350
6541
7142
8671
534
7887
8295
157
7018
9964
5149
626
1262
7181
9239
9108
2531
4665
5390
1446
4339
9775
5798
1015
7102
4786
9619
3720
3811
1600
6137
3640
9675
8481
6139
3470
6752
3993
1125
5313
555
2778
4342
759
1242
5481
6132
5753
3056
5066
9843
7823
9030
4843
4385
3837
4095
555
3240
6873
3066
5109
6743
9944
6144
4637
6874
4005
2413
1205
8373
8477
1164
4508
96
7385
955
1508
4492
6681
4862
2110
2932
7994
5935
5716
1470
1444
4467
7715
2097
3330
6183
804
6497
5134
9481
5445
6453
2424
4259
2696
8762
8227
2307
8087
5296
2221
6518
7619
3602
1881
4770
7112
4355
3707
1939
6350
8468
9087
941
3967
7538
6422
5920
880
5724
6702
9018
3405
8466
9884
3830
6886
3449
9609
1618
1872
747
999
2622
8137
5563
3278
8512
5324
7974
2471
6485
6141
6565
339
2706
9409
6575
3481
9128
3517
331
8444
8054
6474
4643
1413
4792
1362
7829
6913
3630
3002
6547
6409
3303
5211
9482
5034
6028
6382
9151
2017
8489
4084
4901
1941
7558
6479
252
672
9428
4977
35
4171
2658
959
3214
1846
5839
2801
6818
9633
2202
2953
7629
9401
3046
5501
8244
3362
1929
451
2404
9453
4323
920
6777
5559
1964
4748
2493
6142
2070
3566
2904
9265
3842
80
1429
4531
4750
6854
4870
7179
7324
5217
4078
3227
7086
8578
9932
618
7549
2013
1431
1392
7880
7692
1381
8158
873
3228
3014
488
3380
2456
8989
5408
9402
8385
8430
8272
4378
7943
6626
9604
3382
3286
7496
7601
9219
8735
5479
790
7210
3954
3102
8638
9003
277
5436
2110
5442
7668
3419
4593
7794
1413
3926
4110
205
70
7692
9874
5333
5110
4077
2496
5453
9820
5937
1154
4345
3096
9080
3738
1620
1044
988
8329
7521
2215
5778
2155
505
1702
5472
5726
9602
7623
2440
7997
9664
3971
8050
2221
9653
7911
3657
6931
7061
5304
4619
2095
7573
6784
1316
4474
8193
3721
276
8887
8476
3509
7260
6569
7266
6520
2553
7361
1226
4371
9239
9954
4951
4349
8774
4180
8334
6607
2298
896
8657
9645
9932
3534
8058
1692
3022
9433
3891
8564
9404
4044
8370
5844
7118
8828
9379
9917
3418
1857
781
6108
6038
8273
3286
4695
8747
8875
6450
7666
2741
5773
407
8670
1111
5251
1292
3120
1179
2253
3248
7306
359
6155
6246
8488
8315
9831
8702
2104
8071
4015
2655
6903
1514
9518
7137
3684
1461
3783
5543
7348
5901
2525
7321
1937
7647
1057
3296
9199
14
6536
666
5117
5705
9544
2141
4948
6520
3456
2696
8080
7828
9393
4549
4215
1030
6589
3675
3210
7767
1899
1824
600
9671
4707
2476
5178
1930
1548
9608
1838
348
5551
2485
1203
8869
296
9434
9501
5240
5241
5141
390
9381
5387
9282
1714
2815
2738
3017
7741
7271
1083
2722
8851
5847
9301
7172
2427
8427
3513
4554
7617
8057
6903
4279
7726
5617
8910
5633
9063
0
6296
4840
6703
6575
9632
4138
938
5928
3361
9087
3871
4520
8124
8991
7704
1600
837
9860
8201
5269
6491
9642
8443
1464
6018
1426
9156
6080
6575
454
3989
7971
7631
1303
1424
4420
3076
7554
2819
8070
6573
9137
6613
3150
977
4477
1772
9078
648
2273
1113
3454
1398
4122
401
6093
3797
459
6424
7158
6190
7054
8684
3942
6067
6516
5627
9881
4956
2525
3715
8140
4268
8594
3300
2941
6671
8607
7523
1310
1986
543
3070
9257
79
9280
4119
1182
5652
982
5023
4407
7951
6907
4912
8908
568
6532
230
6786
7851
7359
1163
8511
5600
7400
447
233
5497
4650
6913
5420
6743
8930
8972
1562
4905
288
7792
5180
1187
9175
3451
5367
3207
7716
5732
2426
962
2667
8420
9268
3701
3020
6866
3810
15
6133
6474
8550
4515
9073
8089
5795
1691
2318
8343
2405
6729
9084
6449
1389
7030
1057
5601
2250
4761
2378
4845
4755
4517
9932
4842
6625
9087
7129
1274
2378
2699
4573
89
7176
1122
184
9711
792
2546
5782
3811
1486
1938
234
8333
1509
6656
7338
1606
660
3690
2755
3983
9116
6661
1308
6874
2127
8637
6185
5400
3979
8761
6406
1824
2643
2026
9635
4105
6814
3216
3871
708
2136
5977
6045
1993
9447
6199
4244
3565
5913
2477
7202
7341
3865
1318
192
4425
7824
3233
8096
6944
9368
2413
2
8531
8987
8893
631
5785
7690
5449
5069
8799
4905
9745
3721
9673
8456
2525
659
4330
3501
7494
6539
3244
2765
4571
4217
1820
5193
2705
7650
1749
8949
4059
8055
1847
2932
1169
6167
7060
479
3664
6916
7143
9764
8686
19
8705
7579
4728
3005
3873
9860
5914
1091
143
7196
5114
782
9142
3423
7777
5684
6060
8567
4279
1527
6095
8530
1786
3031
7245
8466
3019
1848
4608
5117
2997
1454
8260
6021
9642
4532
3174
5522
204
8861
1612
9979
3557
2177
6619
948
6628
6857
3160
866
3701
5974
7327
1449
1115
6908
2473
5046
6172
7212
9870
4489
5113
3902
8567
8585
7128
5197
8526
5868
2465
2077
2964
190
6769
6072
4687
3694
1534
8293
3518
2841
840
8666
987
9886
2872
5816
6412
336
6120
7893
5301
4602
1839
3288
8317
108
327
3116
6059
8724
7292
3927
6878
7960
5411
5605
8982
6560
3764
8589
9314
5312
1238
7125
8823
6067
4614
1953
9001
1379
4899
4871
3049
5605
2937
942
1836
7058
7433
6725
5747
1455
7185
8256
636
4606
1213
6588
8437
7021
3145
2404
2472
477
4561
8476
1719
5325
7352
3755
2197
3188
242
982
5007
926
1662
3830
661
7438
7635
5691
9273
2065
6485
3915
6963
8275
4756
8915
5342
3867
7650
4350
723
6657
3007
5619
2720
2928
8131
4472
3044
6215
2695
4501
4969
9273
8912
2148
5967
9620
9384
5236
4673
8159
8795
1260
6
9516
4620
2364
6759
3453
9538
1296
8120
4098
3074
5150
436
5905
5242
4622
9161
6415
8678
617
7389
1674
7571
5306
5260
7593
3774
274
8495
2491
3752
9656
4091
6828
5401
5676
5315
8390
2333
2076
8042
6884
8767
4000
8185
6146
3697
2832
8729
5392
4261
3686
6558
2549
5067
3662
8161
4321
7544
4602
8248
8138
4703
8881
4915
1320
6159
23
278
108
9896
2920
6190
491
7098
4046
6210
8504
3341
4083
312
2191
3799
4544
5088
6639
573
2147
6465
3279
6601
9087
734
4161
2900
1549
3397
4867
1249
2097
1668
194
2678
1224
4184
9113
4199
5564
5043
9352
9921
1882
7049
704
2944
8603
3640
3738
429
2350
3281
2695
4711
2199
4199
626
8012
1312
6675
6562
773
8893
7473
6556
3244
446
4091
7685
4682
5822
6545
948
1633
7833
2577
486
5699
6298
7368
8219
4686
2033
6453
3374
6212
7652
5414
5075
4331
8429
690
5368
1645
3057
4722
3774
4637
9712
1804
9201
8775
8408
670
3570
258
548
1316
2246
4774
9730
5382
9191
0
3
5
8
10
13
15
18
20
22
25
27
30
32
35
37
40
42
44
47
49
52
54
57
59
62
64
66
69
71
74
76
79
81
84
86
88
91
93
96
98
101
103
105
108
110
113
115
118
120
123
125
127
130
132
135
137
140
142
145
147
149
152
154
157
159
162
164
167
169
171
174
176
179
181
184
186
189
191
193
196
198
201
203
206
208
210
213
215
218
220
223
225
228
230
232
235
237
240
242
245
247
250
252
254
257
259
262
264
267
269
272
274
276
279
281
284
286
289
291
294
296
298
301
303
306
308
311
313
315
318
320
323
325
328
330
333
335
337
340
342
345
347
350
352
355
357
359
362
364
367
369
372
374
377
379
381
384
386
389
391
394
396
399
401
403
406
408
411
413
416
418
420
423
425
428
430
433
435
438
440
442
445
447
450
452
455
457
460
462
464
467
469
472
474
477
479
482
484
486
489
491
494
496
499
501
504
506
508
511
513
516
518
521
523
525
528
530
533
535
538
540
543
545
547
550
552
555
557
560
562
565
567
569
572
574
577
579
582
584
587
589
591
594
596
599
601
604
606
608
611
613
616
618
621
623
626
628
630
633
635
638
640
643
645
648
650
652
655
657
660
662
665
667
670
672
674
677
679
682
684
687
689
692
694
696
699
701
704
706
709
711
713
716
718
721
723
726
728
731
733
735
738
740
743
745
748
750
753
755
757
760
762
765
767
770
772
775
777
779
782
784
787
789
792
794
797
799
801
804
806
809
811
814
816
818
821
823
826
828
831
833
836
838
840
843
845
848
850
853
855
858
860
862
865
867
870
872
875
877
880
882
884
887
889
892
894
897
899
902
904
906
909
911
914
916
919
921
923
926
928
931
933
936
938
941
943
945
948
950
953
955
958
960
963
965
967
970
972
975
977
980
982
985
987
989
992
994
997
999
1002
1004
1007
1009
1011
1014
1016
1019
1021
1024
1026
1028
1031
1033
1036
1038
1041
1043
1046
1048
1050
1053
1055
1058
1060
1063
1065
1068
1070
1072
1075
1077
1080
1082
1085
1087
1090
1092
1094
1097
1099
1102
1104
1107
1109
1111
1114
1116
1119
1121
1124
1126
1129
1131
1133
1136
1138
1141
1143
1146
1148
1151
1153
1155
1158
1160
1163
1165
1168
1170
1173
1175
1177
1180
1182
1185
1187
1190
1192
1195
1197
1199
1202
1204
1207
1209
1212
1214
1216
1219
1221
1224
1226
1229
1231
1234
1236
1238
1241
1243
1246
1248
1251
1253
1256
1258
1260
1263
1265
1268
1270
1273
1275
1278
1280
1282
1285
1287
1290
1292
1295
1297
1300
1302
1304
1307
1309
1312
1314
1317
1319
1321
1324
1326
1329
1331
1334
1336
1339
1341
1343
1346
1348
1351
1353
1356
1358
1361
1363
1365
1368
1370
1373
1375
1378
1380
1383
1385
1387
1390
1392
1395
1397
1400
1402
1405
1407
1409
1412
1414
1417
1419
1422
1424
1426
1429
1431
1434
1436
1439
1441
1444
1446
1448
1451
1453
1456
1458
1461
1463
1466
1468
1470
1473
1475
1478
1480
1483
1485
1488
1490
1492
1495
1497
1500
1502
1505
1507
1510
1512
1514
1517
1519
1522
1524
1527
1529
1531
1534
1536
1539
1541
1544
1546
1549
1551
1553
1556
1558
1561
1563
1566
1568
1571
1573
1575
1578
1580
1583
1585
1588
1590
1593
1595
1597
1600
1602
1605
1607
1610
1612
1615
1617
1619
1622
1624
1627
1629
1632
1634
1636
1639
1641
1644
1646
1649
1651
1654
1656
1658
1661
1663
1666
1668
1671
1673
1676
1678
1680
1683
1685
1688
1690
1693
1695
1698
1700
1702
1705
1707
1710
1712
1715
1717
1719
1722
1724
1727
1729
1732
1734
1737
1739
1741
1744
1746
1749
1751
1754
1756
1759
1761
1763
1766
1768
1771
1773
1776
1778
1781
1783
1785
1788
1790
1793
1795
1798
1800
1803
1805
1807
1810
1812
1815
1817
1820
1822
1824
1827
1829
1832
1834
1837
1839
1842
1844
1846
1849
1851
1854
1856
1859
1861
1864
1866
1868
1871
1873
1876
1878
1881
1883
1886
1888
1890
1893
1895
1898
1900
1903
1905
1908
1910
1912
1915
1917
1920
1922
1925
1927
1929
1932
1934
1937
1939
1942
1944
1947
1949
1951
1954
1956
1959
1961
1964
1966
1969
1971
1973
1976
1978
1981
1983
1986
1988
1991
1993
1995
1998
2000
2003
2005
2008
2010
2013
2015
2017
2020
2022
2025
2027
2030
2032
2034
2037
2039
2042
2044
2047
2049
2052
2054
2056
2059
2061
2064
2066
2069
2071
2074
2076
2078
2081
2083
2086
2088
2091
2093
2096
2098
2100
2103
2105
2108
2110
2113
2115
2118
2120
2122
2125
2127
2130
2132
2135
2137
2139
2142
2144
2147
2149
2152
2154
2157
2159
2161
2164
2166
2169
2171
2174
2176
2179
2181
2183
2186
2188
2191
2193
2196
2198
2201
2203
2205
2208
2210
2213
2215
2218
2220
2222
2225
2227
2230
2232
2235
2237
2240
2242
2244
2247
2249
2252
2254
2257
2259
2262
2264
2266
2269
2271
2274
2276
2279
2281
2284
2286
2288
2291
2293
2296
2298
2301
2303
2306
2308
2310
2313
2315
2318
2320
2323
2325
2327
2330
2332
2335
2337
2340
2342
2345
2347
2349
2352
2354
2357
2359
2362
2364
2367
2369
2371
2374
2376
2379
2381
2384
2386
2389
2391
2393
2396
2398
2401
2403
2406
2408
2411
2413
2415
2418
2420
2423
2425
2428
2430
2432
2435
2437
2440
2442
2445
2447
2450
2452
2454
2457
2459
2462
2464
2467
2469
2472
2474
2476
2479
2481
2484
2486
2489
2491
2494
2496
2498
2501
2503
2506
2508
2511
2513
2516
2518
2520
2523
2525
2528
2530
2533
2535
2537
2540
2542
2545
2547
2550
2552
2555
2557
2559
2562
2564
2567
2569
2572
2574
2577
2579
2581
2584
2586
2589
2591
2594
2596
2599
2601
2603
2606
2608
2611
2613
2616
2618
2621
2623
2625
2628
2630
2633
2635
2638
2640
2642
2645
2647
2650
2652
2655
2657
2660
2662
2664
2667
2669
2672
2674
2677
2679
2682
2684
2686
2689
2691
2694
2696
2699
2701
2704
2706
2708
2711
2713
2716
2718
2721
2723
2726
2728
2730
2733
2735
2738
2740
2743
2745
2747
2750
2752
2755
2757
2760
2762
2765
2767
2769
2772
2774
2777
2779
2782
2784
2787
2789
2791
2794
2796
2799
2801
2804
2806
2809
2811
2813
2816
2818
2821
2823
2826
2828
2830
2833
2835
2838
2840
2843
2845
2848
2850
2852
2855
2857
2860
2862
2865
2867
2870
2872
2874
2877
2879
2882
2884
2887
2889
2892
2894
2896
2899
2901
2904
2906
2909
2911
2914
2916
2918
2921
2923
2926
2928
2931
2933
2935
2938
2940
2943
2945
2948
2950
2953
2955
2957
2960
2962
2965
2967
2970
2972
2975
2977
2979
2982
2984
2987
2989
2992
2994
2997
2999
3001
3004
3006
3009
3011
3014
3016
3019
3021
3023
3026
3028
3031
3033
3036
3038
3040
3043
3045
3048
3050
3053
3055
3058
3060
3062
3065
3067
3070
3072
3075
3077
3080
3082
3084
3087
3089
3092
3094
3097
3099
3102
3104
3106
3109
3111
3114
3116
3119
3121
3124
3126
3128
3131
3133
3136
3138
3141
3143
3145
3148
3150
3153
3155
3158
3160
3163
3165
3167
3170
3172
3175
3177
3180
3182
3185
3187
3189
3192
3194
3197
3199
3202
3204
3207
3209
3211
3214
3216
3219
3221
3224
3226
3229
3231
3233
3236
3238
3241
3243
3246
3248
3250
3253
3255
3258
3260
3263
3265
3268
3270
3272
3275
3277
3280
3282
3285
3287
3290
3292
3294
3297
3299
3302
3304
3307
3309
3312
3314
3316
3319
3321
3324
3326
3329
3331
3333
3336
3338
3341
3343
3346
3348
3351
3353
3355
3358
3360
3363
3365
3368
3370
3373
3375
3377
3380
3382
3385
3387
3390
3392
3395
3397
3399
3402
3404
3407
3409
3412
3414
3417
3419
3421
3424
3426
3429
3431
3434
3436
3438
3441
3443
3446
3448
3451
3453
3456
3458
3460
3463
3465
3468
3470
3473
3475
3478
3480
3482
3485
3487
3490
3492
3495
3497
3500
3502
3504
3507
3509
3512
3514
3517
3519
3522
3524
3526
3529
3531
3534
3536
3539
3541
3543
3546
3548
3551
3553
3556
3558
3561
3563
3565
3568
3570
3573
3575
3578
3580
3583
3585
3587
3590
3592
3595
3597
3600
3602
3605
3607
3609
3612
3614
3617
3619
3622
3624
3627
3629
3631
3634
3636
3639
3641
3644
3646
3648
3651
3653
3656
3658
3661
3663
3666
3668
3670
3673
3675
3678
3680
3683
3685
3688
3690
3692
3695
3697
3700
3702
3705
3707
3710
3712
3714
3717
3719
3722
3724
3727
3729
3732
3734
3736
3739
3741
3744
3746
3749
3751
3753
3756
3758
3761
3763
3766
3768
3771
3773
3775
3778
3780
3783
3785
3788
3790
3793
3795
3797
3800
3802
3805
3807
3810
3812
3815
3817
3819
3822
3824
3827
3829
3832
3834
3837
3839
3841
3844
3846
3849
3851
3854
3856
3858
3861
3863
3866
3868
3871
3873
3876
3878
3880
3883
3885
3888
3890
3893
3895
3898
3900
3902
3905
3907
3910
3912
3915
3917
3920
3922
3924
3927
3929
3932
3934
3937
3939
3941
3944
3946
3949
3951
3954
3956
3959
3961
3963
3966
3968
3971
3973
3976
3978
3981
3983
3985
3988
3990
3993
3995
3998
4000
4003
4005
4007
4010
4012
4015
4017
4020
4022
4025
4027
4029
4032
4034
4037
4039
4042
4044
4046
4049
4051
4054
4056
4059
4061
4064
4066
4068
4071
4073
4076
4078
4081
4083
4086
4088
4090
4093
4095
4098
4100
4103
4105
4108
4110
4112
4115
4117
4120
4122
4125
4127
4130
4132
4134
4137
4139
4142
4144
4147
4149
4151
4154
4156
4159
4161
4164
4166
4169
4171
4173
4176
4178
4181
4183
4186
4188
4191
4193
4195
4198
4200
4203
4205
4208
4210
4213
4215
4217
4220
4222
4225
4227
4230
4232
4235
4237
4239
4242
4244
4247
4249
4252
4254
4256
4259
4261
4264
4266
4269
4271
4274
4276
4278
4281
4283
4286
4288
4291
4293
4296
4298
4300
4303
4305
4308
4310
4313
4315
4318
4320
4322
4325
4327
4330
4332
4335
4337
4340
4342
4344
4347
4349
4352
4354
4357
4359
4361
4364
4366
4369
4371
4374
4376
4379
4381
4383
4386
4388
4391
4393
4396
4398
4401
4403
4405
4408
4410
4413
4415
4418
4420
4423
4425
4427
4430
4432
4435
4437
4440
4442
4444
4447
4449
4452
4454
4457
4459
4462
4464
4466
4469
4471
4474
4476
4479
4481
4484
4486
4488
4491
4493
4496
4498
4501
4503
4506
4508
4510
4513
4515
4518
4520
4523
4525
4528
4530
4532
4535
4537
4540
4542
4545
4547
4549
4552
4554
4557
4559
4562
4564
4567
4569
4571
4574
4576
4579
4581
4584
4586
4589
4591
4593
4596
4598
4601
4603
4606
4608
4611
4613
4615
4618
4620
4623
4625
4628
4630
4633
4635
4637
4640
4642
4645
4647
4650
4652
4654
4657
4659
4662
4664
4667
4669
4672
4674
4676
4679
4681
4684
4686
4689
4691
4694
4696
4698
4701
4703
4706
4708
4711
4713
4716
4718
4720
4723
4725
4728
4730
4733
4735
4738
4740
4742
4745
4747
4750
4752
4755
4757
4759
4762
4764
4767
4769
4772
4774
4777
4779
4781
4784
4786
4789
4791
4794
4796
4799
4801
4803
4806
4808
4811
4813
4816
4818
4821
4823
4825
4828
4830
4833
4835
4838
4840
4843
4845
4847
4850
4852
4855
4857
4860
4862
4864
4867
4869
4872
4874
4877
4879
4882
4884
4886
4889
4891
4894
4896
4899
4901
4904
4906
4908
4911
4913
4916
4918
4921
4923
4926
4928
4930
4933
4935
4938
4940
4943
4945
4948
4950
4952
4955
4957
4960
4962
4965
4967
4969
4972
4974
4977
4979
4982
4984
4987
4989
4991
4994
4996
4999
5001
5004
5006
5009
5011
5013
5016
5018
5021
5023
5026
5028
5031
5033
5035
5038
5040
5043
5045
5048
5050
5052
5055
5057
5060
5062
5065
5067
5070
5072
5074
5077
5079
5082
5084
5087
5089
5092
5094
5096
5099
5101
5104
5106
5109
5111
5114
5116
5118
5121
5123
5126
5128
5131
5133
5136
5138
5140
5143
5145
5148
5150
5153
5155
5157
5160
5162
5165
5167
5170
5172
5175
5177
5179
5182
5184
5187
5189
5192
5194
5197
5199
5201
5204
5206
5209
5211
5214
5216
5219
5221
5223
5226
5228
5231
5233
5236
5238
5241
5243
5245
5248
5250
5253
5255
5258
5260
5262
5265
5267
5270
5272
5275
5277
5280
5282
5284
5287
5289
5292
5294
5297
5299
5302
5304
5306
5309
5311
5314
5316
5319
5321
5324
5326
5328
5331
5333
5336
5338
5341
5343
5346
5348
5350
5353
5355
5358
5360
5363
5365
5367
5370
5372
5375
5377
5380
5382
5385
5387
5389
5392
5394
5397
5399
5402
5404
5407
5409
5411
5414
5416
5419
5421
5424
5426
5429
5431
5433
5436
5438
5441
5443
5446
5448
5451
5453
5455
5458
5460
5463
5465
5468
5470
5472
5475
5477
5480
5482
5485
5487
5490
5492
5494
5497
5499
5502
5504
5507
5509
5512
5514
5516
5519
5521
5524
5526
5529
5531
5534
5536
5538
5541
5543
5546
5548
5551
5553
5555
5558
5560
5563
5565
5568
5570
5573
5575
5577
5580
5582
5585
5587
5590
5592
5595
5597
5599
5602
5604
5607
5609
5612
5614
5617
5619
5621
5624
5626
5629
5631
5634
5636
5639
5641
5643
5646
5648
5651
5653
5656
5658
5660
5663
5665
5668
5670
5673
5675
5678
5680
5682
5685
5687
5690
5692
5695
5697
5700
5702
5704
5707
5709
5712
5714
5717
5719
5722
5724
5726
5729
5731
5734
5736
5739
5741
5744
5746
5748
5751
5753
5756
5758
5761
5763
5765
5768
5770
5773
5775
5778
5780
5783
5785
5787
5790
5792
5795
5797
5800
5802
5805
5807
5809
5812
5814
5817
5819
5822
5824
5827
5829
5831
5834
5836
5839
5841
5844
5846
5849
5851
5853
5856
5858
5861
5863
5866
5868
5870
5873
5875
5878
5880
5883
5885
5888
5890
5892
5895
5897
5900
5902
5905
5907
5910
5912
5914
5917
5919
5922
5924
5927
5929
5932
5934
5936
5939
5941
5944
5946
5949
5951
5954
5956
5958
5961
5963
5966
5968
5971
5973
5975
5978
5980
5983
5985
5988
5990
5993
5995
5997
6000
6002
6005
6007
6010
6012
6015
6017
6019
6022
6024
6027
6029
6032
6034
6037
6039
6041
6044
6046
6049
6051
6054
6056
6059
6061
6063
6066
6068
6071
6073
6076
6078
6080
6083
6085
6088
6090
6093
6095
6098
6100
6102
6105
6107
6110
6112
6115
6117
6120
6122
6124
6127
6129
6132
6134
6137
6139
6142
6144
6146
6149
6151
6154
6156
6159
6161
6163
6166
6168
6171
6173
6176
6178
6181
6183
6185
6188
6190
6193
6195
6198
6200
6203
6205
6207
6210
6212
6215
6217
6220
6222
6225
6227
6229
6232
6234
6237
6239
6242
6244
6247
6249
6251
6254
6256
6259
6261
6264
6266
6268
6271
6273
6276
6278
6281
6283
6286
6288
6290
6293
6295
6298
6300
6303
6305
6308
6310
6312
6315
6317
6320
6322
6325
6327
6330
6332
6334
6337
6339
6342
6344
6347
6349
6352
6354
6356
6359
6361
6364
6366
6369
6371
6373
6376
6378
6381
6383
6386
6388
6391
6393
6395
6398
6400
6403
6405
6408
6410
6413
6415
6417
6420
6422
6425
6427
6430
6432
6435
6437
6439
6442
6444
6447
6449
6452
6454
6457
6459
6461
6464
6466
6469
6471
6474
6476
6478
6481
6483
6486
6488
6491
6493
6496
6498
6500
6503
6505
6508
6510
6513
6515
6518
6520
6522
6525
6527
6530
6532
6535
6537
6540
6542
6544
6547
6549
6552
6554
6557
6559
6562
6564
6566
6569
6571
6574
6576
6579
6581
6583
6586
6588
6591
6593
6596
6598
6601
6603
6605
6608
6610
6613
6615
6618
6620
6623
6625
6627
6630
6632
6635
6637
6640
6642
6645
6647
6649
6652
6654
6657
6659
6662
6664
6666
6669
6671
6674
6676
6679
6681
6684
6686
6688
6691
6693
6696
6698
6701
6703
6706
6708
6710
6713
6715
6718
6720
6723
6725
6728
6730
6732
6735
6737
6740
6742
6745
6747
6750
6752
6754
6757
6759
6762
6764
6767
6769
6771
6774
6776
6779
6781
6784
6786
6789
6791
6793
6796
6798
6801
6803
6806
6808
6811
6813
6815
6818
6820
6823
6825
6828
6830
6833
6835
6837
6840
6842
6845
6847
6850
6852
6855
6857
6859
6862
6864
6867
6869
6872
6874
6876
6879
6881
6884
6886
6889
6891
6894
6896
6898
6901
6903
6906
6908
6911
6913
6916
6918
6920
6923
6925
6928
6930
6933
6935
6938
6940
6942
6945
6947
6950
6952
6955
6957
6960
6962
6964
6967
6969
6972
6974
6977
6979
6981
6984
6986
6989
6991
6994
6996
6999
7001
7003
7006
7008
7011
7013
7016
7018
7021
7023
7025
7028
7030
7033
7035
7038
7040
7043
7045
7047
7050
7052
7055
7057
7060
7062
7065
7067
7069
7072
7074
7077
7079
7082
7084
7086
7089
7091
7094
7096
7099
7101
7104
7106
7108
7111
7113
7116
7118
7121
7123
7126
7128
7130
7133
7135
7138
7140
7143
7145
7148
7150
7152
7155
7157
7160
7162
7165
7167
7170
7172
7174
7177
7179
7182
7184
7187
7189
7191
7194
7196
7199
7201
7204
7206
7209
7211
7213
7216
7218
7221
7223
7226
7228
7231
7233
7235
7238
7240
7243
7245
7248
7250
7253
7255
7257
7260
7262
7265
7267
7270
7272
7274
7277
7279
7282
7284
7287
7289
7292
7294
7296
7299
7301
7304
7306
7309
7311
7314
7316
7318
7321
7323
7326
7328
7331
7333
7336
7338
7340
7343
7345
7348
7350
7353
7355
7358
7360
7362
7365
7367
7370
7372
7375
7377
7379
7382
7384
7387
7389
7392
7394
7397
7399
7401
7404
7406
7409
7411
7414
7416
7419
7421
7423
7426
7428
7431
7433
7436
7438
7441
7443
7445
7448
7450
7453
7455
7458
7460
7463
7465
7467
7470
7472
7475
7477
7480
7482
7484
7487
7489
7492
7494
7497
7499
7502
7504
7506
7509
7511
7514
7516
7519
7521
7524
7526
7528
7531
7533
7536
7538
7541
7543
7546
7548
7550
7553
7555
7558
7560
7563
7565
7568
7570
7572
7575
7577
7580
7582
7585
7587
7589
7592
7594
7597
7599
7602
7604
7607
7609
7611
7614
7616
7619
7621
7624
7626
7629
7631
7633
7636
7638
7641
7643
7646
7648
7651
7653
7655
7658
7660
7663
7665
7668
7670
7673
7675
7677
7680
7682
7685
7687
7690
7692
7694
7697
7699
7702
7704
7707
7709
7712
7714
7716
7719
7721
7724
7726
7729
7731
7734
7736
7738
7741
7743
7746
7748
7751
7753
7756
7758
7760
7763
7765
7768
7770
7773
7775
7777
7780
7782
7785
7787
7790
7792
7795
7797
7799
7802
7804
7807
7809
7812
7814
7817
7819
7821
7824
7826
7829
7831
7834
7836
7839
7841
7843
7846
7848
7851
7853
7856
7858
7861
7863
7865
7868
7870
7873
7875
7878
7880
7882
7885
7887
7890
7892
7895
7897
7900
7902
7904
7907
7909
7912
7914
7917
7919
7922
7924
7926
7929
7931
7934
7936
7939
7941
7944
7946
7948
7951
7953
7956
7958
7961
7963
7966
7968
7970
7973
7975
7978
7980
7983
7985
7987
7990
7992
7995
7997
8000
8002
8005
8007
8009
8012
8014
8017
8019
8022
8024
8027
8029
8031
8034
8036
8039
8041
8044
8046
8049
8051
8053
8056
8058
8061
8063
8066
8068
8071
8073
8075
8078
8080
8083
8085
8088
8090
8092
8095
8097
8100
8102
8105
8107
8110
8112
8114
8117
8119
8122
8124
8127
8129
8132
8134
8136
8139
8141
8144
8146
8149
8151
8154
8156
8158
8161
8163
8166
8168
8171
8173
8176
8178
8180
8183
8185
8188
8190
8193
8195
8197
8200
8202
8205
8207
8210
8212
8215
8217
8219
8222
8224
8227
8229
8232
8234
8237
8239
8241
8244
8246
8249
8251
8254
8256
8259
8261
8263
8266
8268
8271
8273
8276
8278
8281
8283
8285
8288
8290
8293
8295
8298
8300
8302
8305
8307
8310
8312
8315
8317
8320
8322
8324
8327
8329
8332
8334
8337
8339
8342
8344
8346
8349
8351
8354
8356
8359
8361
8364
8366
8368
8371
8373
8376
8378
8381
8383
8385
8388
8390
8393
8395
8398
8400
8403
8405
8407
8410
8412
8415
8417
8420
8422
8425
8427
8429
8432
8434
8437
8439
8442
8444
8447
8449
8451
8454
8456
8459
8461
8464
8466
8469
8471
8473
8476
8478
8481
8483
8486
8488
8490
8493
8495
8498
8500
8503
8505
8508
8510
8512
8515
8517
8520
8522
8525
8527
8530
8532
8534
8537
8539
8542
8544
8547
8549
8552
8554
8556
8559
8561
8564
8566
8569
8571
8574
8576
8578
8581
8583
8586
8588
8591
8593
8595
8598
8600
8603
8605
8608
8610
8613
8615
8617
8620
8622
8625
8627
8630
8632
8635
8637
8639
8642
8644
8647
8649
8652
8654
8657
8659
8661
8664
8666
8669
8671
8674
8676
8679
8681
8683
8686
8688
8691
8693
8696
8698
8700
8703
8705
8708
8710
8713
8715
8718
8720
8722
8725
8727
8730
8732
8735
8737
8740
8742
8744
8747
8749
8752
8754
8757
8759
8762
8764
8766
8769
8771
8774
8776
8779
8781
8784
8786
8788
8791
8793
8796
8798
8801
8803
8805
8808
8810
8813
8815
8818
8820
8823
8825
8827
8830
8832
8835
8837
8840
8842
8845
8847
8849
8852
8854
8857
8859
8862
8864
8867
8869
8871
8874
8876
8879
8881
8884
8886
8888
8891
8893
8896
8898
8901
8903
8906
8908
8910
8913
8915
8918
8920
8923
8925
8928
8930
8932
8935
8937
8940
8942
8945
8947
8950
8952
8954
8957
8959
8962
8964
8967
8969
8972
8974
8976
8979
8981
8984
8986
8989
8991
8993
8996
8998
9001
9003
9006
9008
9011
9013
9015
9018
9020
9023
9025
9028
9030
9033
9035
9037
9040
9042
9045
9047
9050
9052
9055
9057
9059
9062
9064
9067
9069
9072
9074
9077
9079
9081
9084
9086
9089
9091
9094
9096
9098
9101
9103
9106
9108
9111
9113
9116
9118
9120
9123
9125
9128
9130
9133
9135
9138
9140
9142
9145
9147
9150
9152
9155
9157
9160
9162
9164
9167
9169
9172
9174
9177
9179
9182
9184
9186
9189
9191
9194
9196
9199
9201
9203
9206
9208
9211
9213
9216
9218
9221
9223
9225
9228
9230
9233
9235
9238
9240
9243
9245
9247
9250
9252
9255
9257
9260
9262
9265
9267
9269
9272
9274
9277
9279
9282
9284
9287
9289
9291
9294
9296
9299
9301
9304
9306
9308
9311
9313
9316
9318
9321
9323
9326
9328
9330
9333
9335
9338
9340
9343
9345
9348
9350
9352
9355
9357
9360
9362
9365
9367
9370
9372
9374
9377
9379
9382
9384
9387
9389
9392
9394
9396
9399
9401
9404
9406
9409
9411
9413
9416
9418
9421
9423
9426
9428
9431
9433
9435
9438
9440
9443
9445
9448
9450
9453
9455
9457
9460
9462
9465
9467
9470
9472
9475
9477
9479
9482
9484
9487
9489
9492
9494
9496
9499
9501
9504
9506
9509
9511
9514
9516
9518
9521
9523
9526
9528
9531
9533
9536
9538
9540
9543
9545
9548
9550
9553
9555
9558
9560
9562
9565
9567
9570
9572
9575
9577
9580
9582
9584
9587
9589
9592
9594
9597
9599
9601
9604
9606
9609
9611
9614
9616
9619
9621
9623
9626
9628
9631
9633
9636
9638
9641
9643
9645
9648
9650
9653
9655
9658
9660
9663
9665
9667
9670
9672
9675
9677
9680
9682
9685
9687
9689
9692
9694
9697
9699
9702
9704
9706
9709
9711
9714
9716
9719
9721
9724
9726
9728
9731
9733
9736
9738
9741
9743
9746
9748
9750
9753
9755
9758
9760
9763
9765
9768
9770
9772
9775
9777
9780
9782
9785
9787
9790
9792
9794
9797
9799
9802
9804
9807
9809
9811
9814
9816
9819
9821
9824
9826
9829
9831
9833
9836
9838
9841
9843
9846
9848
9851
9853
9855
9858
9860
9863
9865
9868
9870
9873
9875
9877
9880
9882
9885
9887
9890
9892
9895
9897
9899
9902
9904
9907
9909
9912
9914
9916
9919
9921
9924
9926
9929
9931
9934
9936
9938
9941
9943
9946
9948
9951
9953
9956
9958
9960
9963
9965
9968
9970
9973
9975
9978
9980
9982
9985
9987
9990
9992
9995
9997
9999
9999
9996
9994
9991
9989
9986
9984
9981
9979
9977
9974
9972
9969
9967
9964
9962
9959
9957
9955
9952
9950
9947
9945
9942
9940
9937
9935
9933
9930
9928
9925
9923
9920
9918
9915
9913
9911
9908
9906
9903
9901
9898
9896
9894
9891
9889
9886
9884
9881
9879
9876
9874
9872
9869
9867
9864
9862
9859
9857
9854
9852
9850
9847
9845
9842
9840
9837
9835
9832
9830
9828
9825
9823
9820
9818
9815
9813
9810
9808
9806
9803
9801
9798
9796
9793
9791
9789
9786
9784
9781
9779
9776
9774
9771
9769
9767
9764
9762
9759
9757
9754
9752
9749
9747
9745
9742
9740
9737
9735
9732
9730
9727
9725
9723
9720
9718
9715
9713
9710
9708
9705
9703
9701
9698
9696
9693
9691
9688
9686
9684
9681
9679
9676
9674
9671
9669
9666
9664
9662
9659
9657
9654
9652
9649
9647
9644
9642
9640
9637
9635
9632
9630
9627
9625
9622
9620
9618
9615
9613
9610
9608
9605
9603
9600
9598
9596
9593
9591
9588
9586
9583
9581
9579
9576
9574
9571
9569
9566
9564
9561
9559
9557
9554
9552
9549
9547
9544
9542
9539
9537
9535
9532
9530
9527
9525
9522
9520
9517
9515
9513
9510
9508
9505
9503
9500
9498
9495
9493
9491
9488
9486
9483
9481
9478
9476
9474
9471
9469
9466
9464
9461
9459
9456
9454
9452
9449
9447
9444
9442
9439
9437
9434
9432
9430
9427
9425
9422
9420
9417
9415
9412
9410
9408
9405
9403
9400
9398
9395
9393
9391
9388
9386
9383
9381
9378
9376
9373
9371
9369
9366
9364
9361
9359
9356
9354
9351
9349
9347
9344
9342
9339
9337
9334
9332
9329
9327
9325
9322
9320
9317
9315
9312
9310
9307
9305
9303
9300
9298
9295
9293
9290
9288
9286
9283
9281
9278
9276
9273
9271
9268
9266
9264
9261
9259
9256
9254
9251
9249
9246
9244
9242
9239
9237
9234
9232
9229
9227
9224
9222
9220
9217
9215
9212
9210
9207
9205
9202
9200
9198
9195
9193
9190
9188
9185
9183
9181
9178
9176
9173
9171
9168
9166
9163
9161
9159
9156
9154
9151
9149
9146
9144
9141
9139
9137
9134
9132
9129
9127
9124
9122
9119
9117
9115
9112
9110
9107
9105
9102
9100
9097
9095
9093
9090
9088
9085
9083
9080
9078
9076
9073
9071
9068
9066
9063
9061
9058
9056
9054
9051
9049
9046
9044
9041
9039
9036
9034
9032
9029
9027
9024
9022
9019
9017
9014
9012
9010
9007
9005
9002
9000
8997
8995
8992
8990
8988
8985
8983
8980
8978
8975
8973
8971
8968
8966
8963
8961
8958
8956
8953
8951
8949
8946
8944
8941
8939
8936
8934
8931
8929
8927
8924
8922
8919
8917
8914
8912
8909
8907
8905
8902
8900
8897
8895
8892
8890
8888
8885
8883
8880
8878
8875
8873
8870
8868
8866
8863
8861
8858
8856
8853
8851
8848
8846
8844
8841
8839
8836
8834
8831
8829
8826
8824
8822
8819
8817
8814
8812
8809
8807
8804
8802
8800
8797
8795
8792
8790
8787
8785
8783
8780
8778
8775
8773
8770
8768
8765
8763
8761
8758
8756
8753
8751
8748
8746
8743
8741
8739
8736
8734
8731
8729
8726
8724
8721
8719
8717
8714
8712
8709
8707
8704
8702
8699
8697
8695
8692
8690
8687
8685
8682
8680
8678
8675
8673
8670
8668
8665
8663
8660
8658
8656
8653
8651
8648
8646
8643
8641
8638
8636
8634
8631
8629
8626
8624
8621
8619
8616
8614
8612
8609
8607
8604
8602
8599
8597
8594
8592
8590
8587
8585
8582
8580
8577
8575
8573
8570
8568
8565
8563
8560
8558
8555
8553
8551
8548
8546
8543
8541
8538
8536
8533
8531
8529
8526
8524
8521
8519
8516
8514
8511
8509
8507
8504
8502
8499
8497
8494
8492
8489
8487
8485
8482
8480
8477
8475
8472
8470
8468
8465
8463
8460
8458
8455
8453
8450
8448
8446
8443
8441
8438
8436
8433
8431
8428
8426
8424
8421
8419
8416
8414
8411
8409
8406
8404
8402
8399
8397
8394
8392
8389
8387
8384
8382
8380
8377
8375
8372
8370
8367
8365
8363
8360
8358
8355
8353
8350
8348
8345
8343
8341
8338
8336
8333
8331
8328
8326
8323
8321
8319
8316
8314
8311
8309
8306
8304
8301
8299
8297
8294
8292
8289
8287
8284
8282
8280
8277
8275
8272
8270
8267
8265
8262
8260
8258
8255
8253
8250
8248
8245
8243
8240
8238
8236
8233
8231
8228
8226
8223
8221
8218
8216
8214
8211
8209
8206
8204
8201
8199
8196
8194
8192
8189
8187
8184
8182
8179
8177
8175
8172
8170
8167
8165
8162
8160
8157
8155
8153
8150
8148
8145
8143
8140
8138
8135
8133
8131
8128
8126
8123
8121
8118
8116
8113
8111
8109
8106
8104
8101
8099
8096
8094
8091
8089
8087
8084
8082
8079
8077
8074
8072
8070
8067
8065
8062
8060
8057
8055
8052
8050
8048
8045
8043
8040
8038
8035
8033
8030
8028
8026
8023
8021
8018
8016
8013
8011
8008
8006
8004
8001
7999
7996
7994
7991
7989
7986
7984
7982
7979
7977
7974
7972
7969
7967
7965
7962
7960
7957
7955
7952
7950
7947
7945
7943
7940
7938
7935
7933
7930
7928
7925
7923
7921
7918
7916
7913
7911
7908
7906
7903
7901
7899
7896
7894
7891
7889
7886
7884
7881
7879
7877
7874
7872
7869
7867
7864
7862
7860
7857
7855
7852
7850
7847
7845
7842
7840
7838
7835
7833
7830
7828
7825
7823
7820
7818
7816
7813
7811
7808
7806
7803
7801
7798
7796
7794
7791
7789
7786
7784
7781
7779
7777
7774
7772
7769
7767
7764
7762
7759
7757
7755
7752
7750
7747
7745
7742
7740
7737
7735
7733
7730
7728
7725
7723
7720
7718
7715
7713
7711
7708
7706
7703
7701
7698
7696
7693
7691
7689
7686
7684
7681
7679
7676
7674
7672
7669
7667
7664
7662
7659
7657
7654
7652
7650
7647
7645
7642
7640
7637
7635
7632
7630
7628
7625
7623
7620
7618
7615
7613
7610
7608
7606
7603
7601
7598
7596
7593
7591
7588
7586
7584
7581
7579
7576
7574
7571
7569
7567
7564
7562
7559
7557
7554
7552
7549
7547
7545
7542
7540
7537
7535
7532
7530
7527
7525
7523
7520
7518
7515
7513
7510
7508
7505
7503
7501
7498
7496
7493
7491
7488
7486
7483
7481
7479
7476
7474
7471
7469
7466
7464
7462
7459
7457
7454
7452
7449
7447
7444
7442
7440
7437
7435
7432
7430
7427
7425
7422
7420
7418
7415
7413
7410
7408
7405
7403
7400
7398
7396
7393
7391
7388
7386
7383
7381
7378
7376
7374
7371
7369
7366
7364
7361
7359
7357
7354
7352
7349
7347
7344
7342
7339
7337
7335
7332
7330
7327
7325
7322
7320
7317
7315
7313
7310
7308
7305
7303
7300
7298
7295
7293
7291
7288
7286
7283
7281
7278
7276
7273
7271
7269
7266
7264
7261
7259
7256
7254
7252
7249
7247
7244
7242
7239
7237
7234
7232
7230
7227
7225
7222
7220
7217
7215
7212
7210
7208
7205
7203
7200
7198
7195
7193
7190
7188
7186
7183
7181
7178
7176
7173
7171
7169
7166
7164
7161
7159
7156
7154
7151
7149
7147
7144
7142
7139
7137
7134
7132
7129
7127
7125
7122
7120
7117
7115
7112
7110
7107
7105
7103
7100
7098
7095
7093
7090
7088
7085
7083
7081
7078
7076
7073
7071
7068
7066
7064
7061
7059
7056
7054
7051
7049
7046
7044
7042
7039
7037
7034
7032
7029
7027
7024
7022
7020
7017
7015
7012
7010
7007
7005
7002
7000
6998
6995
6993
6990
6988
6985
6983
6980
6978
6976
6973
6971
6968
6966
6963
6961
6959
6956
6954
6951
6949
6946
6944
6941
6939
6937
6934
6932
6929
6927
6924
6922
6919
6917
6915
6912
6910
6907
6905
6902
6900
6897
6895
6893
6890
6888
6885
6883
6880
6878
6875
6873
6871
6868
6866
6863
6861
6858
6856
6854
6851
6849
6846
6844
6841
6839
6836
6834
6832
6829
6827
6824
6822
6819
6817
6814
6812
6810
6807
6805
6802
6800
6797
6795
6792
6790
6788
6785
6783
6780
6778
6775
6773
6770
6768
6766
6763
6761
6758
6756
6753
6751
6749
6746
6744
6741
6739
6736
6734
6731
6729
6727
6724
6722
6719
6717
6714
6712
6709
6707
6705
6702
6700
6697
6695
6692
6690
6687
6685
6683
6680
6678
6675
6673
6670
6668
6666
6663
6661
6658
6656
6653
6651
6648
6646
6644
6641
6639
6636
6634
6631
6629
6626
6624
6622
6619
6617
6614
6612
6609
6607
6604
6602
6600
6597
6595
6592
6590
6587
6585
6582
6580
6578
6575
6573
6570
6568
6565
6563
6561
6558
6556
6553
6551
6548
6546
6543
6541
6539
6536
6534
6531
6529
6526
6524
6521
6519
6517
6514
6512
6509
6507
6504
6502
6499
6497
6495
6492
6490
6487
6485
6482
6480
6477
6475
6473
6470
6468
6465
6463
6460
6458
6456
6453
6451
6448
6446
6443
6441
6438
6436
6434
6431
6429
6426
6424
6421
6419
6416
6414
6412
6409
6407
6404
6402
6399
6397
6394
6392
6390
6387
6385
6382
6380
6377
6375
6372
6370
6368
6365
6363
6360
6358
6355
6353
6351
6348
6346
6343
6341
6338
6336
6333
6331
6329
6326
6324
6321
6319
6316
6314
6311
6309
6307
6304
6302
6299
6297
6294
6292
6289
6287
6285
6282
6280
6277
6275
6272
6270
6267
6265
6263
6260
6258
6255
6253
6250
6248
6246
6243
6241
6238
6236
6233
6231
6228
6226
6224
6221
6219
6216
6214
6211
6209
6206
6204
6202
6199
6197
6194
6192
6189
6187
6184
6182
6180
6177
6175
6172
6170
6167
6165
6162
6160
6158
6155
6153
6150
6148
6145
6143
6141
6138
6136
6133
6131
6128
6126
6123
6121
6119
6116
6114
6111
6109
6106
6104
6101
6099
6097
6094
6092
6089
6087
6084
6082
6079
6077
6075
6072
6070
6067
6065
6062
6060
6058
6055
6053
6050
6048
6045
6043
6040
6038
6036
6033
6031
6028
6026
6023
6021
6018
6016
6014
6011
6009
6006
6004
6001
5999
5996
5994
5992
5989
5987
5984
5982
5979
5977
5974
5972
5970
5967
5965
5962
5960
5957
5955
5953
5950
5948
5945
5943
5940
5938
5935
5933
5931
5928
5926
5923
5921
5918
5916
5913
5911
5909
5906
5904
5901
5899
5896
5894
5891
5889
5887
5884
5882
5879
5877
5874
5872
5869
5867
5865
5862
5860
5857
5855
5852
5850
5848
5845
5843
5840
5838
5835
5833
5830
5828
5826
5823
5821
5818
5816
5813
5811
5808
5806
5804
5801
5799
5796
5794
5791
5789
5786
5784
5782
5779
5777
5774
5772
5769
5767
5764
5762
5760
5757
5755
5752
5750
5747
5745
5743
5740
5738
5735
5733
5730
5728
5725
5723
5721
5718
5716
5713
5711
5708
5706
5703
5701
5699
5696
5694
5691
5689
5686
5684
5681
5679
5677
5674
5672
5669
5667
5664
5662
5659
5657
5655
5652
5650
5647
5645
5642
5640
5638
5635
5633
5630
5628
5625
5623
5620
5618
5616
5613
5611
5608
5606
5603
5601
5598
5596
5594
5591
5589
5586
5584
5581
5579
5576
5574
5572
5569
5567
5564
5562
5559
5557
5555
5552
5550
5547
5545
5542
5540
5537
5535
5533
5530
5528
5525
5523
5520
5518
5515
5513
5511
5508
5506
5503
5501
5498
5496
5493
5491
5489
5486
5484
5481
5479
5476
5474
5471
5469
5467
5464
5462
5459
5457
5454
5452
5450
5447
5445
5442
5440
5437
5435
5432
5430
5428
5425
5423
5420
5418
5415
5413
5410
5408
5406
5403
5401
5398
5396
5393
5391
5388
5386
5384
5381
5379
5376
5374
5371
5369
5366
5364
5362
5359
5357
5354
5352
5349
5347
5345
5342
5340
5337
5335
5332
5330
5327
5325
5323
5320
5318
5315
5313
5310
5308
5305
5303
5301
5298
5296
5293
5291
5288
5286
5283
5281
5279
5276
5274
5271
5269
5266
5264
5261
5259
5257
5254
5252
5249
5247
5244
5242
5240
5237
5235
5232
5230
5227
5225
5222
5220
5218
5215
5213
5210
5208
5205
5203
5200
5198
5196
5193
5191
5188
5186
5183
5181
5178
5176
5174
5171
5169
5166
5164
5161
5159
5156
5154
5152
5149
5147
5144
5142
5139
5137
5135
5132
5130
5127
5125
5122
5120
5117
5115
5113
5110
5108
5105
5103
5100
5098
5095
5093
5091
5088
5086
5083
5081
5078
5076
5073
5071
5069
5066
5064
5061
5059
5056
5054
5051
5049
5047
5044
5042
5039
5037
5034
5032
5030
5027
5025
5022
5020
5017
5015
5012
5010
5008
5005
5003
5000
4998
4995
4993
4990
4988
4986
4983
4981
4978
4976
4973
4971
4968
4966
4964
4961
4959
4956
4954
4951
4949
4947
4944
4942
4939
4937
4934
4932
4929
4927
4925
4922
4920
4917
4915
4912
4910
4907
4905
4903
4900
4898
4895
4893
4890
4888
4885
4883
4881
4878
4876
4873
4871
4868
4866
4863
4861
4859
4856
4854
4851
4849
4846
4844
4842
4839
4837
4834
4832
4829
4827
4824
4822
4820
4817
4815
4812
4810
4807
4805
4802
4800
4798
4795
4793
4790
4788
4785
4783
4780
4778
4776
4773
4771
4768
4766
4763
4761
4758
4756
4754
4751
4749
4746
4744
4741
4739
4737
4734
4732
4729
4727
4724
4722
4719
4717
4715
4712
4710
4707
4705
4702
4700
4697
4695
4693
4690
4688
4685
4683
4680
4678
4675
4673
4671
4668
4666
4663
4661
4658
4656
4653
4651
4649
4646
4644
4641
4639
4636
4634
4632
4629
4627
4624
4622
4619
4617
4614
4612
4610
4607
4605
4602
4600
4597
4595
4592
4590
4588
4585
4583
4580
4578
4575
4573
4570
4568
4566
4563
4561
4558
4556
4553
4551
4548
4546
4544
4541
4539
4536
4534
4531
4529
4527
4524
4522
4519
4517
4514
4512
4509
4507
4505
4502
4500
4497
4495
4492
4490
4487
4485
4483
4480
4478
4475
4473
4470
4468
4465
4463
4461
4458
4456
4453
4451
4448
4446
4444
4441
4439
4436
4434
4431
4429
4426
4424
4422
4419
4417
4414
4412
4409
4407
4404
4402
4400
4397
4395
4392
4390
4387
4385
4382
4380
4378
4375
4373
4370
4368
4365
4363
4360
4358
4356
4353
4351
4348
4346
4343
4341
4339
4336
4334
4331
4329
4326
4324
4321
4319
4317
4314
4312
4309
4307
4304
4302
4299
4297
4295
4292
4290
4287
4285
4282
4280
4277
4275
4273
4270
4268
4265
4263
4260
4258
4255
4253
4251
4248
4246
4243
4241
4238
4236
4234
4231
4229
4226
4224
4221
4219
4216
4214
4212
4209
4207
4204
4202
4199
4197
4194
4192
4190
4187
4185
4182
4180
4177
4175
4172
4170
4168
4165
4163
4160
4158
4155
4153
4150
4148
4146
4143
4141
4138
4136
4133
4131
4129
4126
4124
4121
4119
4116
4114
4111
4109
4107
4104
4102
4099
4097
4094
4092
4089
4087
4085
4082
4080
4077
4075
4072
4070
4067
4065
4063
4060
4058
4055
4053
4050
4048
4045
4043
4041
4038
4036
4033
4031
4028
4026
4024
4021
4019
4016
4014
4011
4009
4006
4004
4002
3999
3997
3994
3992
3989
3987
3984
3982
3980
3977
3975
3972
3970
3967
3965
3962
3960
3958
3955
3953
3950
3948
3945
3943
3940
3938
3936
3933
3931
3928
3926
3923
3921
3919
3916
3914
3911
3909
3906
3904
3901
3899
3897
3894
3892
3889
3887
3884
3882
3879
3877
3875
3872
3870
3867
3865
3862
3860
3857
3855
3853
3850
3848
3845
3843
3840
3838
3836
3833
3831
3828
3826
3823
3821
3818
3816
3814
3811
3809
3806
3804
3801
3799
3796
3794
3792
3789
3787
3784
3782
3779
3777
3774
3772
3770
3767
3765
3762
3760
3757
3755
3752
3750
3748
3745
3743
3740
3738
3735
3733
3731
3728
3726
3723
3721
3718
3716
3713
3711
3709
3706
3704
3701
3699
3696
3694
3691
3689
3687
3684
3682
3679
3677
3674
3672
3669
3667
3665
3662
3660
3657
3655
3652
3650
3647
3645
3643
3640
3638
3635
3633
3630
3628
3626
3623
3621
3618
3616
3613
3611
3608
3606
3604
3601
3599
3596
3594
3591
3589
3586
3584
3582
3579
3577
3574
3572
3569
3567
3564
3562
3560
3557
3555
3552
3550
3547
3545
3542
3540
3538
3535
3533
3530
3528
3525
3523
3521
3518
3516
3513
3511
3508
3506
3503
3501
3499
3496
3494
3491
3489
3486
3484
3481
3479
3477
3474
3472
3469
3467
3464
3462
3459
3457
3455
3452
3450
3447
3445
3442
3440
3437
3435
3433
3430
3428
3425
3423
3420
3418
3416
3413
3411
3408
3406
3403
3401
3398
3396
3394
3391
3389
3386
3384
3381
3379
3376
3374
3372
3369
3367
3364
3362
3359
3357
3354
3352
3350
3347
3345
3342
3340
3337
3335
3333
3330
3328
3325
3323
3320
3318
3315
3313
3311
3308
3306
3303
3301
3298
3296
3293
3291
3289
3286
3284
3281
3279
3276
3274
3271
3269
3267
3264
3262
3259
3257
3254
3252
3249
3247
3245
3242
3240
3237
3235
3232
3230
3228
3225
3223
3220
3218
3215
3213
3210
3208
3206
3203
3201
3198
3196
3193
3191
3188
3186
3184
3181
3179
3176
3174
3171
3169
3166
3164
3162
3159
3157
3154
3152
3149
3147
3144
3142
3140
3137
3135
3132
3130
3127
3125
3123
3120
3118
3115
3113
3110
3108
3105
3103
3101
3098
3096
3093
3091
3088
3086
3083
3081
3079
3076
3074
3071
3069
3066
3064
3061
3059
3057
3054
3052
3049
3047
3044
3042
3039
3037
3035
3032
3030
3027
3025
3022
3020
3018
3015
3013
3010
3008
3005
3003
3000
2998
2996
2993
2991
2988
2986
2983
2981
2978
2976
2974
2971
2969
2966
2964
2961
2959
2956
2954
2952
2949
2947
2944
2942
2939
2937
2934
2932
2930
2927
2925
2922
2920
2917
2915
2913
2910
2908
2905
2903
2900
2898
2895
2893
2891
2888
2886
2883
2881
2878
2876
2873
2871
2869
2866
2864
2861
2859
2856
2854
2851
2849
2847
2844
2842
2839
2837
2834
2832
2829
2827
2825
2822
2820
2817
2815
2812
2810
2808
2805
2803
2800
2798
2795
2793
2790
2788
2786
2783
2781
2778
2776
2773
2771
2768
2766
2764
2761
2759
2756
2754
2751
2749
2746
2744
2742
2739
2737
2734
2732
2729
2727
2725
2722
2720
2717
2715
2712
2710
2707
2705
2703
2700
2698
2695
2693
2690
2688
2685
2683
2681
2678
2676
2673
2671
2668
2666
2663
2661
2659
2656
2654
2651
2649
2646
2644
2641
2639
2637
2634
2632
2629
2627
2624
2622
2620
2617
2615
2612
2610
2607
2605
2602
2600
2598
2595
2593
2590
2588
2585
2583
2580
2578
2576
2573
2571
2568
2566
2563
2561
2558
2556
2554
2551
2549
2546
2544
2541
2539
2536
2534
2532
2529
2527
2524
2522
2519
2517
2515
2512
2510
2507
2505
2502
2500
2497
2495
2493
2490
2488
2485
2483
2480
2478
2475
2473
2471
2468
2466
2463
2461
2458
2456
2453
2451
2449
2446
2444
2441
2439
2436
2434
2431
2429
2427
2424
2422
2419
2417
2414
2412
2410
2407
2405
2402
2400
2397
2395
2392
2390
2388
2385
2383
2380
2378
2375
2373
2370
2368
2366
2363
2361
2358
2356
2353
2351
2348
2346
2344
2341
2339
2336
2334
2331
2329
2326
2324
2322
2319
2317
2314
2312
2309
2307
2305
2302
2300
2297
2295
2292
2290
2287
2285
2283
2280
2278
2275
2273
2270
2268
2265
2263
2261
2258
2256
2253
2251
2248
2246
2243
2241
2239
2236
2234
2231
2229
2226
2224
2222
2219
2217
2214
2212
2209
2207
2204
2202
2200
2197
2195
2192
2190
2187
2185
2182
2180
2178
2175
2173
2170
2168
2165
2163
2160
2158
2156
2153
2151
2148
2146
2143
2141
2138
2136
2134
2131
2129
2126
2124
2121
2119
2117
2114
2112
2109
2107
2104
2102
2099
2097
2095
2092
2090
2087
2085
2082
2080
2077
2075
2073
2070
2068
2065
2063
2060
2058
2055
2053
2051
2048
2046
2043
2041
2038
2036
2033
2031
2029
2026
2024
2021
2019
2016
2014
2012
2009
2007
2004
2002
1999
1997
1994
1992
1990
1987
1985
1982
1980
1977
1975
1972
1970
1968
1965
1963
1960
1958
1955
1953
1950
1948
1946
1943
1941
1938
1936
1933
1931
1928
1926
1924
1921
1919
1916
1914
1911
1909
1907
1904
1902
1899
1897
1894
1892
1889
1887
1885
1882
1880
1877
1875
1872
1870
1867
1865
1863
1860
1858
1855
1853
1850
1848
1845
1843
1841
1838
1836
1833
1831
1828
1826
1823
1821
1819
1816
1814
1811
1809
1806
1804
1802
1799
1797
1794
1792
1789
1787
1784
1782
1780
1777
1775
1772
1770
1767
1765
1762
1760
1758
1755
1753
1750
1748
1745
1743
1740
1738
1736
1733
1731
1728
1726
1723
1721
1718
1716
1714
1711
1709
1706
1704
1701
1699
1697
1694
1692
1689
1687
1684
1682
1679
1677
1675
1672
1670
1667
1665
1662
1660
1657
1655
1653
1650
1648
1645
1643
1640
1638
1635
1633
1631
1628
1626
1623
1621
1618
1616
1614
1611
1609
1606
1604
1601
1599
1596
1594
1592
1589
1587
1584
1582
1579
1577
1574
1572
1570
1567
1565
1562
1560
1557
1555
1552
1550
1548
1545
1543
1540
1538
1535
1533
1530
1528
1526
1523
1521
1518
1516
1513
1511
1509
1506
1504
1501
1499
1496
1494
1491
1489
1487
1484
1482
1479
1477
1474
1472
1469
1467
1465
1462
1460
1457
1455
1452
1450
1447
1445
1443
1440
1438
1435
1433
1430
1428
1425
1423
1421
1418
1416
1413
1411
1408
1406
1404
1401
1399
1396
1394
1391
1389
1386
1384
1382
1379
1377
1374
1372
1369
1367
1364
1362
1360
1357
1355
1352
1350
1347
1345
1342
1340
1338
1335
1333
1330
1328
1325
1323
1320
1318
1316
1313
1311
1308
1306
1303
1301
1299
1296
1294
1291
1289
1286
1284
1281
1279
1277
1274
1272
1269
1267
1264
1262
1259
1257
1255
1252
1250
1247
1245
1242
1240
1237
1235
1233
1230
1228
1225
1223
1220
1218
1215
1213
1211
1208
1206
1203
1201
1198
1196
1194
1191
1189
1186
1184
1181
1179
1176
1174
1172
1169
1167
1164
1162
1159
1157
1154
1152
1150
1147
1145
1142
1140
1137
1135
1132
1130
1128
1125
1123
1120
1118
1115
1113
1111
1108
1106
1103
1101
1098
1096
1093
1091
1089
1086
1084
1081
1079
1076
1074
1071
1069
1067
1064
1062
1059
1057
1054
1052
1049
1047
1045
1042
1040
1037
1035
1032
1030
1027
1025
1023
1020
1018
1015
1013
1010
1008
1006
1003
1001
998
996
993
991
988
986
984
981
979
976
974
971
969
966
964
962
959
957
954
952
949
947
944
942
940
937
935
932
930
927
925
922
920
918
915
913
910
908
905
903
901
898
896
893
891
888
886
883
881
879
876
874
871
869
866
864
861
859
857
854
852
849
847
844
842
839
837
835
832
830
827
825
822
820
817
815
813
810
808
805
803
800
798
796
793
791
788
786
783
781
778
776
774
771
769
766
764
761
759
756
754
752
749
747
744
742
739
737
734
732
730
727
725
722
720
717
715
712
710
708
705
703
700
698
695
693
691
688
686
683
681
678
676
673
671
669
666
664
661
659
656
654
651
649
647
644
642
639
637
634
632
629
627
625
622
620
617
615
612
610
607
605
603
600
598
595
593
590
588
586
583
581
578
576
573
571
568
566
564
561
559
556
554
551
549
546
544
542
539
537
534
532
529
527
524
522
520
517
515
512
510
507
505
503
500
498
495
493
490
488
485
483
481
478
476
473
471
468
466
463
461
459
456
454
451
449
446
444
441
439
437
434
432
429
427
424
422
419
417
415
412
410
407
405
402
400
398
395
393
390
388
385
383
380
378
376
373
371
368
366
363
361
358
356
354
351
349
346
344
341
339
336
334
332
329
327
324
322
319
317
314
312
310
307
305
302
300
297
295
293
290
288
285
283
280
278
275
273
271
268
266
263
261
258
256
253
251
249
246
244
241
239
236
234
231
229
227
224
222
219
217
214
212
209
207
205
202
200
197
195
192
190
188
185
183
180
178
175
173
170
168
166
163
161
158
156
153
151
148
146
144
141
139
136
134
131
129
126
124
122
119
117
114
112
109
107
104
102
100
97
95
92
90
87
85
83
80
78
75
73
70
68
65
63
61
58
56
53
51
48
46
43
41
39
36
34
31
29
26
24
21
19
17
14
12
9
7
4
2
0
