2048
1983
1904
2131
6979
5974
6240
9395
9524
4641
1932
8755
6356
5074
8299
9545
7161
6926
1229
7384
1130
1160
3329
7850
7440
5996
7186
6873
6746
2900
3617
3098
5467
6042
4415
4150
6143
987
849
6038
9531
8356
5814
8443
4657
1580
6020
5000
3955
622
5358
316
7759
5489
5426
7695
5576
8885
750
5305
2869
3789
8707
6089
3091
8627
5698
9481
1974
6108
4243
4572
5404
2922
6901
4944
7378
9288
2607
5862
9377
2581
5413
986
7520
8544
8007
2609
7453
5772
9315
9135
1989
1120
7402
3251
3808
2206
6095
1503
5115
2333
2172
7399
4845
1334
5471
3541
2619
6504
8338
3847
2023
2920
1464
7254
482
9112
1171
3619
2466
3922
9235
1424
6351
8258
3049
4585
2856
7918
569
5293
1907
9938
7054
8541
4641
9244
1719
6607
5919
657
5807
8543
8937
8394
4506
1923
3721
5710
1228
5050
6141
8381
7236
3488
4967
1015
1733
1904
7997
2663
7589
4839
6545
6287
414
6224
9595
7025
5313
3650
3634
2599
3867
2258
219
7599
3728
4438
9400
6039
3924
6856
1137
4561
8649
7059
6111
355
1906
8221
5765
9693
9157
16
8778
1512
5071
5766
4721
2872
6962
1921
3658
4045
8410
7845
9649
8956
1117
7843
4707
7925
7408
8978
3249
8193
3174
876
2542
5625
1907
4930
850
4918
8287
3517
2353
9296
3383
9155
1446
5125
3693
1681
2472
233
5727
5099
8303
8836
6309
1885
2640
2637
5796
2493
6931
817
799
1648
1254
143
2734
9173
7770
9539
3975
2130
2651
6349
776
329
605
909
9110
6614
2130
302
7439
8248
2425
5180
1740
697
7216
8739
8947
9132
7562
3573
7001
9442
2315
1896
8693
6153
8384
5578
7263
546
6955
2385
8039
6349
4044
7764
4530
8643
5452
63
8686
3904
6995
3015
7783
6491
8857
2779
963
6659
3370
2882
4583
2040
9410
5655
6957
2578
7095
5966
7517
2482
134
8930
9720
6020
3942
7004
2259
4509
9257
8978
5312
7399
8017
4650
4665
2422
4063
7945
3942
4502
2086
5244
1966
8179
2286
2914
409
7765
4741
6580
6132
2310
9440
386
8702
3457
4399
5484
5423
3096
8654
6681
5257
402
7927
823
6262
527
4309
2128
4241
7945
7380
3110
2705
8010
3620
1467
5743
7748
7325
4735
2344
9537
2828
8390
4062
8295
9675
4613
1562
9799
4766
4665
9628
5155
3242
4645
5955
8826
3968
9494
215
7985
4615
820
4163
5135
2248
2823
7681
5173
1683
7731
942
8392
5582
4914
3340
2604
7646
6845
3846
8127
1630
9399
4590
944
9916
3909
5427
9978
4483
8750
702
8929
2611
1483
8363
9511
5533
74
5620
3131
5994
4213
6665
9183
3980
5002
796
4436
2492
4823
5001
6580
3009
2357
1043
1644
946
6077
9994
4388
9587
3035
4040
2476
6620
398
8330
2885
3384
9128
44
2890
8984
8409
6861
7721
8199
9074
8194
785
3545
9880
4374
6281
2844
3256
1343
6443
4385
7985
524
3099
292
7458
6074
5896
950
7537
7446
4958
8700
7701
3245
5702
3152
3409
3535
859
1461
4046
8993
25
665
3203
2306
1187
1155
1140
9478
3537
3595
4692
5534
7029
5513
952
5048
1400
7397
7513
2658
5862
4190
9429
1578
3907
4806
9219
1889
6568
4634
6722
8591
9966
4832
813
2112
4582
3449
9740
859
9570
9813
4826
2579
2340
5174
7663
9942
6657
2253
2249
4210
2065
2657
2092
2024
5045
8126
9027
3673
2837
6249
2353
1614
7286
6210
393
7604
9909
1122
438
3811
8531
4116
7768
4415
5676
6240
780
4887
6629
1138
5606
8299
9410
137
8254
283
6465
7916
8228
9723
6518
695
8177
802
820
2835
43
1746
2357
7251
9621
2562
3686
2634
9089
6214
8370
2171
9539
4320
3850
1336
4483
8128
3357
7100
1902
471
7274
9908
4506
9193
6527
8167
6708
2817
9740
2311
776
158
9497
2304
7292
6267
2497
3069
6202
2141
3210
4234
1368
6789
4482
7491
4453
3301
2584
1420
4674
7296
4435
9882
9850
7993
2403
9150
6719
7517
3842
7650
5395
93
2551
1724
6433
2500
6455
8911
8486
2039
3832
6497
3694
9626
3763
344
4703
6799
5317
1437
9020
3353
6339
8450
8903
127
3575
7951
3975
6059
2363
8952
3009
8850
6705
7083
9958
7583
8492
8614
6681
8424
319
6069
7115
6866
8176
5865
213
1105
6329
7956
4609
5383
6731
6416
1142
253
3982
9007
4238
5039
3962
4637
9925
7794
5835
5330
2896
8561
1541
7061
6888
9941
8244
4442
2818
6019
7821
3099
9596
7327
183
8084
8965
3758
1664
6872
4922
9033
5645
8466
5913
3229
770
8518
3348
4735
6970
6325
1475
7678
9380
95
8294
3233
3098
6787
5014
6447
1999
4162
9223
893
2564
8146
2157
929
5863
6798
8871
3334
8408
4075
8732
1529
6185
69
7936
159
226
3879
4467
4713
8511
9594
9159
8704
5462
469
4925
4715
392
5650
7610
8352
5972
194
8555
3238
9394
8230
8802
1112
5107
4942
7483
6454
498
6895
5168
54
8487
7661
6980
8184
2312
7945
176
8214
7788
7043
3417
1546
5582
8560
4330
8858
7018
2998
9939
6015
3767
3397
8446
1972
2785
4064
7193
6025
9330
6745
21
6102
6076
7914
8394
9933
5
2127
7845
5720
288
5234
7775
5746
7636
558
1755
2306
1051
2181
11
1233
6441
8605
9232
7933
1223
1669
8892
7174
8011
3605
1413
2613
6
4563
7209
7645
9529
9090
2649
921
4661
8341
9139
9733
846
418
7808
5785
8251
225
502
1280
1244
3859
9291
8935
5752
384
4935
1216
8898
6872
7252
5270
9272
8187
7333
6155
8056
7893
6176
4782
575
6273
4889
5688
7136
7502
6957
3861
573
2927
2216
8799
8964
6635
819
3958
9017
6757
1261
3421
860
3783
9589
2974
6727
5511
7633
4925
71
9628
6686
6297
2820
7417
757
2367
8910
5175
3158
1897
422
8434
6724
1716
9254
7866
3709
8767
7278
6361
9348
5231
876
2212
1692
687
8999
2987
6579
5253
4840
4922
1992
5728
1078
8786
8011
8061
6685
8450
3744
4825
2745
1774
7584
3505
8245
3842
6716
213
6346
4304
1310
9771
6870
5669
8734
1599
5339
4074
4733
9880
3345
7461
530
838
9562
4240
9295
1400
751
2849
1615
1802
7916
9401
8558
7707
2884
5737
3141
6092
3954
1213
8352
1636
894
7020
8766
7713
9113
6376
5860
6106
8117
7792
8111
5952
7379
1797
5076
3826
3978
6442
5669
9951
2625
7204
4195
4981
8281
5985
3915
2633
4586
7333
5198
1040
3417
8879
7184
9626
2674
714
2365
7646
2664
6799
3683
5904
9702
920
4288
1680
8641
5104
1305
7516
7100
1382
7155
3461
823
5119
738
2943
2373
8443
5980
3057
4441
5424
4185
269
429
2755
1098
6234
2862
8518
770
924
615
8875
7205
7253
5336
3526
2924
1765
210
6416
850
701
2546
9800
4863
2146
7528
7188
4222
3116
4788
6421
2188
7838
7980
8344
7152
5728
9691
9913
8050
7351
8521
5187
2649
4983
4035
4050
2740
6991
9127
4969
5188
5410
2095
8718
4853
3478
5303
1635
8056
9349
4204
6193
1662
9857
4868
4221
5315
3269
2180
1884
9940
230
529
707
5662
952
5462
3126
5237
6445
527
5826
2909
7944
9760
3351
6473
9312
4838
189
4942
4832
5991
327
1378
203
7992
6901
3031
9164
3451
6163
7406
7964
4803
3823
7497
4141
6374
6424
754
2611
5405
4578
97
5171
5467
102
2494
5843
5128
4677
1491
3984
1161
8285
9901
5375
4973
7893
3983
6651
758
866
4179
3565
8370
3996
3502
9914
7046
9803
8255
2230
2726
3419
6340
3158
3411
6478
7208
4467
881
4256
5757
7914
5588
902
562
81
2791
9776
7521
9444
6600
4638
8600
3373
1011
4318
3313
9842
6313
3395
2752
7897
3037
5313
825
8822
8956
5013
1932
5061
4550
8434
6254
5810
8333
1094
3077
309
3529
9563
9647
9164
6661
9321
2768
5889
1770
2216
3414
4715
8693
4387
3674
9824
9160
3769
2678
9399
8410
6622
9677
9595
955
6446
4396
2444
4025
2289
2427
9232
9992
9273
5391
7847
8017
2296
2719
908
858
1071
241
4695
8238
2913
7889
8767
360
8855
5469
8989
4705
6300
6224
4011
7268
1032
137
4556
8171
4522
1415
5317
7608
6495
4499
3033
4849
6399
506
3362
3112
9030
5654
3739
6358
1920
152
1819
1844
5870
5844
4811
1494
5557
6840
7593
996
2341
5370
6869
5590
2727
3454
5848
9724
5808
9457
8885
2791
5730
6356
984
6840
3330
5656
2795
5314
9460
9843
4775
5966
4978
7261
5943
9372
700
7514
6263
5088
3529
6195
4412
2720
7403
6195
3598
4601
3841
2235
3408
8905
8358
850
1265
701
870
4189
6442
5799
369
8903
1143
1467
8088
4333
3651
7942
1637
5481
8667
9276
9063
7400
693
7629
1002
4442
4442
7811
8837
7014
6414
2986
6541
4599
9537
3148
8759
5703
1965
5592
8347
8759
7599
654
1972
2152
9619
7178
995
6969
761
5835
7556
2989
420
3775
6696
5800
1648
6205
1969
5286
4403
6382
9388
7000
9052
840
9481
924
1864
4073
7686
8327
8788
2972
8761
9858
3885
9211
1052
5183
4131
7938
8243
934
2668
4316
2985
8304
2997
5404
2344
1519
7954
3913
3976
7768
8535
5975
8606
5038
7855
2526
6214
1260
5049
4633
1740
4735
4435
2126
4627
9150
5535
3237
9160
2903
4818
8390
4081
791
8219
6275
111
2021
3457
9647
9715
6859
3621
3530
5373
18
1014
8283
3295
1305
8547
3689
7568
5011
987
1477
1900
3626
2864
2871
4505
3747
8954
4995
2740
7008
4680
9400
3130
8955
9922
1317
371
1638
6586
2840
8504
7484
5296
197
6341
5155
4084
9407
2986
4129
9479
166
1323
7288
9626
5709
2743
9616
664
9094
9686
8943
9728
8525
6460
5799
2026
3054
6490
4188
3610
6371
2195
4880
7202
6190
8732
8941
2914
5199
5117
79
875
5091
7268
1851
4098
3418
7561
6640
6784
5187
6299
5657
9525
9302
3529
1467
9180
3117
1966
8705
8570
2832
995
306
3280
5660
24
3980
3937
5039
4494
6191
6909
4994
827
7720
6859
4419
2256
7432
7301
2174
5911
6737
4557
9720
934
6829
5294
7368
9121
6202
4365
7491
9308
662
9310
3138
8253
8867
8835
7889
4384
7943
8367
1302
7476
3266
4889
4076
7923
861
3500
3100
3647
5852
7019
4055
6935
6367
98
1122
1577
8475
2535
4111
2625
3039
5440
6804
64
3526
3662
6570
3784
3929
4918
2995
7763
638
8641
1193
8724
8689
4857
7824
5813
6221
1236
8391
1567
3862
5629
9712
8344
1142
4061
2217
6087
8483
8537
1782
3059
7034
8005
989
2121
4602
998
7182
7692
3439
3781
6029
8119
7385
2048
7053
4318
5240
7850
7083
579
647
8867
7300
1236
5954
3042
4212
9233
9941
9550
2060
4907
7266
5196
3103
7624
3422
7011
8153
6595
1753
2267
3805
3265
1257
5188
6601
3214
7378
2803
1608
38
3284
471
3460
4320
400
3322
7829
3620
7048
2547
9899
1964
3378
3624
8948
233
7657
1056
9578
5645
3633
919
6076
6581
1701
8186
2871
2154
814
7378
7649
9229
4642
7791
18
3983
1062
6233
4784
3923
4289
2539
3733
1131
1999
9212
2399
7103
7823
1378
2340
3852
1226
6491
303
3736
8720
9142
2348
9268
4113
332
8219
6235
1812
1261
9060
2935
1560
6692
3816
9075
8692
9452
4640
7450
8141
6172
6005
894
5012
5821
9163
4709
6073
7309
1882
3390
6672
5100
9482
9073
4878
1908
4074
2501
5536
8726
4029
8331
7064
414
9123
8775
6310
5464
3055
3183
2399
4460
4490
779
7804
7413
4883
3964
4449
3408
8832
5930
1464
144
470
1686
7497
62
8402
2910
2825
6797
4818
6671
8701
4076
6690
36
2825
2020
6758
6268
1113
9153
4385
8810
9770
1422
7152
6150
4710
1225
4487
5985
1851
7845
8133
6117
9223
3982
566
3083
146
1896
7589
7286
3688
9296
4268
2749
2002
7636
8170
3910
1999
5454
5391
4414
1972
2315
3735
2373
2797
4090
5536
7446
5966
1520
8090
2180
7228
6985
5067
4767
6289
1161
4124
8134
6319
8624
7475
4343
2852
7131
5741
4610
5318
1287
696
3563
5228
305
1994
6734
0
5
10
15
20
25
30
35
40
44
49
54
59
64
69
74
79
84
88
93
98
103
108
113
118
123
128
132
137
142
147
152
157
162
167
171
176
181
186
191
196
201
206
211
215
220
225
230
235
240
245
250
255
259
264
269
274
279
284
289
294
298
303
308
313
318
323
328
333
338
342
347
352
357
362
367
372
377
382
386
391
396
401
406
411
416
421
425
430
435
440
445
450
455
460
465
469
474
479
484
489
494
499
504
509
513
518
523
528
533
538
543
548
552
557
562
567
572
577
582
587
592
596
601
606
611
616
621
626
631
636
640
645
650
655
660
665
670
675
679
684
689
694
699
704
709
714
719
723
728
733
738
743
748
753
758
763
767
772
777
782
787
792
797
802
806
811
816
821
826
831
836
841
846
850
855
860
865
870
875
880
885
890
894
899
904
909
914
919
924
929
933
938
943
948
953
958
963
968
973
977
982
987
992
997
1002
1007
1012
1017
1021
1026
1031
1036
1041
1046
1051
1056
1060
1065
1070
1075
1080
1085
1090
1095
1100
1104
1109
1114
1119
1124
1129
1134
1139
1144
1148
1153
1158
1163
1168
1173
1178
1183
1187
1192
1197
1202
1207
1212
1217
1222
1227
1231
1236
1241
1246
1251
1256
1261
1266
1271
1275
1280
1285
1290
1295
1300
1305
1310
1314
1319
1324
1329
1334
1339
1344
1349
1354
1358
1363
1368
1373
1378
1383
1388
1393
1398
1402
1407
1412
1417
1422
1427
1432
1437
1441
1446
1451
1456
1461
1466
1471
1476
1481
1485
1490
1495
1500
1505
1510
1515
1520
1525
1529
1534
1539
1544
1549
1554
1559
1564
1568
1573
1578
1583
1588
1593
1598
1603
1608
1612
1617
1622
1627
1632
1637
1642
1647
1652
1656
1661
1666
1671
1676
1681
1686
1691
1695
1700
1705
1710
1715
1720
1725
1730
1735
1739
1744
1749
1754
1759
1764
1769
1774
1779
1783
1788
1793
1798
1803
1808
1813
1818
1822
1827
1832
1837
1842
1847
1852
1857
1862
1866
1871
1876
1881
1886
1891
1896
1901
1906
1910
1915
1920
1925
1930
1935
1940
1945
1949
1954
1959
1964
1969
1974
1979
1984
1989
1993
1998
2003
2008
2013
2018
2023
2028
2033
2037
2042
2047
2052
2057
2062
2067
2072
2077
2081
2086
2091
2096
2101
2106
2111
2116
2120
2125
2130
2135
2140
2145
2150
2155
2160
2164
2169
2174
2179
2184
2189
2194
2199
2204
2208
2213
2218
2223
2228
2233
2238
2243
2247
2252
2257
2262
2267
2272
2277
2282
2287
2291
2296
2301
2306
2311
2316
2321
2326
2331
2335
2340
2345
2350
2355
2360
2365
2370
2374
2379
2384
2389
2394
2399
2404
2409
2414
2418
2423
2428
2433
2438
2443
2448
2453
2458
2462
2467
2472
2477
2482
2487
2492
2497
2501
2506
2511
2516
2521
2526
2531
2536
2541
2545
2550
2555
2560
2565
2570
2575
2580
2585
2589
2594
2599
2604
2609
2614
2619
2624
2628
2633
2638
2643
2648
2653
2658
2663
2668
2672
2677
2682
2687
2692
2697
2702
2707
2712
2716
2721
2726
2731
2736
2741
2746
2751
2755
2760
2765
2770
2775
2780
2785
2790
2795
2799
2804
2809
2814
2819
2824
2829
2834
2839
2843
2848
2853
2858
2863
2868
2873
2878
2882
2887
2892
2897
2902
2907
2912
2917
2922
2926
2931
2936
2941
2946
2951
2956
2961
2966
2970
2975
2980
2985
2990
2995
3000
3005
3009
3014
3019
3024
3029
3034
3039
3044
3049
3053
3058
3063
3068
3073
3078
3083
3088
3093
3097
3102
3107
3112
3117
3122
3127
3132
3136
3141
3146
3151
3156
3161
3166
3171
3176
3180
3185
3190
3195
3200
3205
3210
3215
3220
3224
3229
3234
3239
3244
3249
3254
3259
3263
3268
3273
3278
3283
3288
3293
3298
3303
3307
3312
3317
3322
3327
3332
3337
3342
3347
3351
3356
3361
3366
3371
3376
3381
3386
3390
3395
3400
3405
3410
3415
3420
3425
3430
3434
3439
3444
3449
3454
3459
3464
3469
3474
3478
3483
3488
3493
3498
3503
3508
3513
3517
3522
3527
3532
3537
3542
3547
3552
3557
3561
3566
3571
3576
3581
3586
3591
3596
3601
3605
3610
3615
3620
3625
3630
3635
3640
3644
3649
3654
3659
3664
3669
3674
3679
3684
3688
3693
3698
3703
3708
3713
3718
3723
3728
3732
3737
3742
3747
3752
3757
3762
3767
3771
3776
3781
3786
3791
3796
3801
3806
3811
3815
3820
3825
3830
3835
3840
3845
3850
3855
3859
3864
3869
3874
3879
3884
3889
3894
3898
3903
3908
3913
3918
3923
3928
3933
3938
3942
3947
3952
3957
3962
3967
3972
3977
3982
3986
3991
3996
4001
4006
4011
4016
4021
4026
4030
4035
4040
4045
4050
4055
4060
4065
4069
4074
4079
4084
4089
4094
4099
4104
4109
4113
4118
4123
4128
4133
4138
4143
4148
4153
4157
4162
4167
4172
4177
4182
4187
4192
4196
4201
4206
4211
4216
4221
4226
4231
4236
4240
4245
4250
4255
4260
4265
4270
4275
4280
4284
4289
4294
4299
4304
4309
4314
4319
4323
4328
4333
4338
4343
4348
4353
4358
4363
4367
4372
4377
4382
4387
4392
4397
4402
4407
4411
4416
4421
4426
4431
4436
4441
4446
4450
4455
4460
4465
4470
4475
4480
4485
4490
4494
4499
4504
4509
4514
4519
4524
4529
4534
4538
4543
4548
4553
4558
4563
4568
4573
4577
4582
4587
4592
4597
4602
4607
4612
4617
4621
4626
4631
4636
4641
4646
4651
4656
4661
4665
4670
4675
4680
4685
4690
4695
4700
4704
4709
4714
4719
4724
4729
4734
4739
4744
4748
4753
4758
4763
4768
4773
4778
4783
4788
4792
4797
4802
4807
4812
4817
4822
4827
4831
4836
4841
4846
4851
4856
4861
4866
4871
4875
4880
4885
4890
4895
4900
4905
4910
4915
4919
4924
4929
4934
4939
4944
4949
4954
4958
4963
4968
4973
4978
4983
4988
4993
4998
5002
5007
5012
5017
5022
5027
5032
5037
5042
5046
5051
5056
5061
5066
5071
5076
5081
5085
5090
5095
5100
5105
5110
5115
5120
5125
5129
5134
5139
5144
5149
5154
5159
5164
5169
5173
5178
5183
5188
5193
5198
5203
5208
5212
5217
5222
5227
5232
5237
5242
5247
5252
5256
5261
5266
5271
5276
5281
5286
5291
5296
5300
5305
5310
5315
5320
5325
5330
5335
5339
5344
5349
5354
5359
5364
5369
5374
5379
5383
5388
5393
5398
5403
5408
5413
5418
5423
5427
5432
5437
5442
5447
5452
5457
5462
5466
5471
5476
5481
5486
5491
5496
5501
5506
5510
5515
5520
5525
5530
5535
5540
5545
5550
5554
5559
5564
5569
5574
5579
5584
5589
5593
5598
5603
5608
5613
5618
5623
5628
5633
5637
5642
5647
5652
5657
5662
5667
5672
5677
5681
5686
5691
5696
5701
5706
5711
5716
5720
5725
5730
5735
5740
5745
5750
5755
5760
5764
5769
5774
5779
5784
5789
5794
5799
5804
5808
5813
5818
5823
5828
5833
5838
5843
5847
5852
5857
5862
5867
5872
5877
5882
5887
5891
5896
5901
5906
5911
5916
5921
5926
5931
5935
5940
5945
5950
5955
5960
5965
5970
5974
5979
5984
5989
5994
5999
6004
6009
6014
6018
6023
6028
6033
6038
6043
6048
6053
6058
6062
6067
6072
6077
6082
6087
6092
6097
6102
6106
6111
6116
6121
6126
6131
6136
6141
6145
6150
6155
6160
6165
6170
6175
6180
6185
6189
6194
6199
6204
6209
6214
6219
6224
6229
6233
6238
6243
6248
6253
6258
6263
6268
6272
6277
6282
6287
6292
6297
6302
6307
6312
6316
6321
6326
6331
6336
6341
6346
6351
6356
6360
6365
6370
6375
6380
6385
6390
6395
6399
6404
6409
6414
6419
6424
6429
6434
6439
6443
6448
6453
6458
6463
6468
6473
6478
6483
6487
6492
6497
6502
6507
6512
6517
6522
6526
6531
6536
6541
6546
6551
6556
6561
6566
6570
6575
6580
6585
6590
6595
6600
6605
6610
6614
6619
6624
6629
6634
6639
6644
6649
6653
6658
6663
6668
6673
6678
6683
6688
6693
6697
6702
6707
6712
6717
6722
6727
6732
6737
6741
6746
6751
6756
6761
6766
6771
6776
6780
6785
6790
6795
6800
6805
6810
6815
6820
6824
6829
6834
6839
6844
6849
6854
6859
6864
6868
6873
6878
6883
6888
6893
6898
6903
6907
6912
6917
6922
6927
6932
6937
6942
6947
6951
6956
6961
6966
6971
6976
6981
6986
6991
6995
7000
7005
7010
7015
7020
7025
7030
7034
7039
7044
7049
7054
7059
7064
7069
7074
7078
7083
7088
7093
7098
7103
7108
7113
7118
7122
7127
7132
7137
7142
7147
7152
7157
7161
7166
7171
7176
7181
7186
7191
7196
7201
7205
7210
7215
7220
7225
7230
7235
7240
7245
7249
7254
7259
7264
7269
7274
7279
7284
7288
7293
7298
7303
7308
7313
7318
7323
7328
7332
7337
7342
7347
7352
7357
7362
7367
7372
7376
7381
7386
7391
7396
7401
7406
7411
7415
7420
7425
7430
7435
7440
7445
7450
7455
7459
7464
7469
7474
7479
7484
7489
7494
7499
7503
7508
7513
7518
7523
7528
7533
7538
7542
7547
7552
7557
7562
7567
7572
7577
7582
7586
7591
7596
7601
7606
7611
7616
7621
7626
7630
7635
7640
7645
7650
7655
7660
7665
7669
7674
7679
7684
7689
7694
7699
7704
7709
7713
7718
7723
7728
7733
7738
7743
7748
7753
7757
7762
7767
7772
7777
7782
7787
7792
7796
7801
7806
7811
7816
7821
7826
7831
7836
7840
7845
7850
7855
7860
7865
7870
7875
7880
7884
7889
7894
7899
7904
7909
7914
7919
7923
7928
7933
7938
7943
7948
7953
7958
7963
7967
7972
7977
7982
7987
7992
7997
8002
8007
8011
8016
8021
8026
8031
8036
8041
8046
8051
8055
8060
8065
8070
8075
8080
8085
8090
8094
8099
8104
8109
8114
8119
8124
8129
8134
8138
8143
8148
8153
8158
8163
8168
8173
8178
8182
8187
8192
8197
8202
8207
8212
8217
8221
8226
8231
8236
8241
8246
8251
8256
8261
8265
8270
8275
8280
8285
8290
8295
8300
8305
8309
8314
8319
8324
8329
8334
8339
8344
8348
8353
8358
8363
8368
8373
8378
8383
8388
8392
8397
8402
8407
8412
8417
8422
8427
8432
8436
8441
8446
8451
8456
8461
8466
8471
8475
8480
8485
8490
8495
8500
8505
8510
8515
8519
8524
8529
8534
8539
8544
8549
8554
8559
8563
8568
8573
8578
8583
8588
8593
8598
8602
8607
8612
8617
8622
8627
8632
8637
8642
8646
8651
8656
8661
8666
8671
8676
8681
8686
8690
8695
8700
8705
8710
8715
8720
8725
8729
8734
8739
8744
8749
8754
8759
8764
8769
8773
8778
8783
8788
8793
8798
8803
8808
8813
8817
8822
8827
8832
8837
8842
8847
8852
8856
8861
8866
8871
8876
8881
8886
8891
8896
8900
8905
8910
8915
8920
8925
8930
8935
8940
8944
8949
8954
8959
8964
8969
8974
8979
8983
8988
8993
8998
9003
9008
9013
9018
9023
9027
9032
9037
9042
9047
9052
9057
9062
9067
9071
9076
9081
9086
9091
9096
9101
9106
9110
9115
9120
9125
9130
9135
9140
9145
9150
9154
9159
9164
9169
9174
9179
9184
9189
9194
9198
9203
9208
9213
9218
9223
9228
9233
9237
9242
9247
9252
9257
9262
9267
9272
9277
9281
9286
9291
9296
9301
9306
9311
9316
9321
9325
9330
9335
9340
9345
9350
9355
9360
9364
9369
9374
9379
9384
9389
9394
9399
9404
9408
9413
9418
9423
9428
9433
9438
9443
9448
9452
9457
9462
9467
9472
9477
9482
9487
9491
9496
9501
9506
9511
9516
9521
9526
9531
9535
9540
9545
9550
9555
9560
9565
9570
9575
9579
9584
9589
9594
9599
9604
9609
9614
9618
9623
9628
9633
9638
9643
9648
9653
9658
9662
9667
9672
9677
9682
9687
9692
9697
9702
9706
9711
9716
9721
9726
9731
9736
9741
9745
9750
9755
9760
9765
9770
9775
9780
9785
9789
9794
9799
9804
9809
9814
9819
9824
9829
9833
9838
9843
9848
9853
9858
9863
9868
9872
9877
9882
9887
9892
9897
9902
9907
9912
9916
9921
9926
9931
9936
9941
9946
9951
9956
9960
9965
9970
9975
9980
9985
9990
9995
9999
9999
9994
9989
9984
9979
9974
9969
9964
9959
9955
9950
9945
9940
9935
9930
9925
9920
9915
9911
9906
9901
9896
9891
9886
9881
9876
9871
9867
9862
9857
9852
9847
9842
9837
9832
9828
9823
9818
9813
9808
9803
9798
9793
9788
9784
9779
9774
9769
9764
9759
9754
9749
9744
9740
9735
9730
9725
9720
9715
9710
9705
9701
9696
9691
9686
9681
9676
9671
9666
9661
9657
9652
9647
9642
9637
9632
9627
9622
9617
9613
9608
9603
9598
9593
9588
9583
9578
9574
9569
9564
9559
9554
9549
9544
9539
9534
9530
9525
9520
9515
9510
9505
9500
9495
9490
9486
9481
9476
9471
9466
9461
9456
9451
9447
9442
9437
9432
9427
9422
9417
9412
9407
9403
9398
9393
9388
9383
9378
9373
9368
9363
9359
9354
9349
9344
9339
9334
9329
9324
9320
9315
9310
9305
9300
9295
9290
9285
9280
9276
9271
9266
9261
9256
9251
9246
9241
9236
9232
9227
9222
9217
9212
9207
9202
9197
9193
9188
9183
9178
9173
9168
9163
9158
9153
9149
9144
9139
9134
9129
9124
9119
9114
9109
9105
9100
9095
9090
9085
9080
9075
9070
9066
9061
9056
9051
9046
9041
9036
9031
9026
9022
9017
9012
9007
9002
8997
8992
8987
8982
8978
8973
8968
8963
8958
8953
8948
8943
8939
8934
8929
8924
8919
8914
8909
8904
8899
8895
8890
8885
8880
8875
8870
8865
8860
8855
8851
8846
8841
8836
8831
8826
8821
8816
8812
8807
8802
8797
8792
8787
8782
8777
8772
8768
8763
8758
8753
8748
8743
8738
8733
8728
8724
8719
8714
8709
8704
8699
8694
8689
8685
8680
8675
8670
8665
8660
8655
8650
8645
8641
8636
8631
8626
8621
8616
8611
8606
8601
8597
8592
8587
8582
8577
8572
8567
8562
8558
8553
8548
8543
8538
8533
8528
8523
8518
8514
8509
8504
8499
8494
8489
8484
8479
8474
8470
8465
8460
8455
8450
8445
8440
8435
8431
8426
8421
8416
8411
8406
8401
8396
8391
8387
8382
8377
8372
8367
8362
8357
8352
8347
8343
8338
8333
8328
8323
8318
8313
8308
8304
8299
8294
8289
8284
8279
8274
8269
8264
8260
8255
8250
8245
8240
8235
8230
8225
8220
8216
8211
8206
8201
8196
8191
8186
8181
8177
8172
8167
8162
8157
8152
8147
8142
8137
8133
8128
8123
8118
8113
8108
8103
8098
8093
8089
8084
8079
8074
8069
8064
8059
8054
8050
8045
8040
8035
8030
8025
8020
8015
8010
8006
8001
7996
7991
7986
7981
7976
7971
7966
7962
7957
7952
7947
7942
7937
7932
7927
7922
7918
7913
7908
7903
7898
7893
7888
7883
7879
7874
7869
7864
7859
7854
7849
7844
7839
7835
7830
7825
7820
7815
7810
7805
7800
7795
7791
7786
7781
7776
7771
7766
7761
7756
7752
7747
7742
7737
7732
7727
7722
7717
7712
7708
7703
7698
7693
7688
7683
7678
7673
7668
7664
7659
7654
7649
7644
7639
7634
7629
7625
7620
7615
7610
7605
7600
7595
7590
7585
7581
7576
7571
7566
7561
7556
7551
7546
7541
7537
7532
7527
7522
7517
7512
7507
7502
7498
7493
7488
7483
7478
7473
7468
7463
7458
7454
7449
7444
7439
7434
7429
7424
7419
7414
7410
7405
7400
7395
7390
7385
7380
7375
7371
7366
7361
7356
7351
7346
7341
7336
7331
7327
7322
7317
7312
7307
7302
7297
7292
7287
7283
7278
7273
7268
7263
7258
7253
7248
7244
7239
7234
7229
7224
7219
7214
7209
7204
7200
7195
7190
7185
7180
7175
7170
7165
7160
7156
7151
7146
7141
7136
7131
7126
7121
7117
7112
7107
7102
7097
7092
7087
7082
7077
7073
7068
7063
7058
7053
7048
7043
7038
7033
7029
7024
7019
7014
7009
7004
6999
6994
6990
6985
6980
6975
6970
6965
6960
6955
6950
6946
6941
6936
6931
6926
6921
6916
6911
6906
6902
6897
6892
6887
6882
6877
6872
6867
6863
6858
6853
6848
6843
6838
6833
6828
6823
6819
6814
6809
6804
6799
6794
6789
6784
6779
6775
6770
6765
6760
6755
6750
6745
6740
6736
6731
6726
6721
6716
6711
6706
6701
6696
6692
6687
6682
6677
6672
6667
6662
6657
6652
6648
6643
6638
6633
6628
6623
6618
6613
6609
6604
6599
6594
6589
6584
6579
6574
6569
6565
6560
6555
6550
6545
6540
6535
6530
6525
6521
6516
6511
6506
6501
6496
6491
6486
6482
6477
6472
6467
6462
6457
6452
6447
6442
6438
6433
6428
6423
6418
6413
6408
6403
6398
6394
6389
6384
6379
6374
6369
6364
6359
6355
6350
6345
6340
6335
6330
6325
6320
6315
6311
6306
6301
6296
6291
6286
6281
6276
6271
6267
6262
6257
6252
6247
6242
6237
6232
6228
6223
6218
6213
6208
6203
6198
6193
6188
6184
6179
6174
6169
6164
6159
6154
6149
6144
6140
6135
6130
6125
6120
6115
6110
6105
6101
6096
6091
6086
6081
6076
6071
6066
6061
6057
6052
6047
6042
6037
6032
6027
6022
6017
6013
6008
6003
5998
5993
5988
5983
5978
5973
5969
5964
5959
5954
5949
5944
5939
5934
5930
5925
5920
5915
5910
5905
5900
5895
5890
5886
5881
5876
5871
5866
5861
5856
5851
5846
5842
5837
5832
5827
5822
5817
5812
5807
5803
5798
5793
5788
5783
5778
5773
5768
5763
5759
5754
5749
5744
5739
5734
5729
5724
5719
5715
5710
5705
5700
5695
5690
5685
5680
5676
5671
5666
5661
5656
5651
5646
5641
5636
5632
5627
5622
5617
5612
5607
5602
5597
5592
5588
5583
5578
5573
5568
5563
5558
5553
5549
5544
5539
5534
5529
5524
5519
5514
5509
5505
5500
5495
5490
5485
5480
5475
5470
5465
5461
5456
5451
5446
5441
5436
5431
5426
5422
5417
5412
5407
5402
5397
5392
5387
5382
5378
5373
5368
5363
5358
5353
5348
5343
5338
5334
5329
5324
5319
5314
5309
5304
5299
5295
5290
5285
5280
5275
5270
5265
5260
5255
5251
5246
5241
5236
5231
5226
5221
5216
5211
5207
5202
5197
5192
5187
5182
5177
5172
5168
5163
5158
5153
5148
5143
5138
5133
5128
5124
5119
5114
5109
5104
5099
5094
5089
5084
5080
5075
5070
5065
5060
5055
5050
5045
5041
5036
5031
5026
5021
5016
5011
5006
5001
4997
4992
4987
4982
4977
4972
4967
4962
4957
4953
4948
4943
4938
4933
4928
4923
4918
4914
4909
4904
4899
4894
4889
4884
4879
4874
4870
4865
4860
4855
4850
4845
4840
4835
4830
4826
4821
4816
4811
4806
4801
4796
4791
4787
4782
4777
4772
4767
4762
4757
4752
4747
4743
4738
4733
4728
4723
4718
4713
4708
4703
4699
4694
4689
4684
4679
4674
4669
4664
4660
4655
4650
4645
4640
4635
4630
4625
4620
4616
4611
4606
4601
4596
4591
4586
4581
4576
4572
4567
4562
4557
4552
4547
4542
4537
4533
4528
4523
4518
4513
4508
4503
4498
4493
4489
4484
4479
4474
4469
4464
4459
4454
4449
4445
4440
4435
4430
4425
4420
4415
4410
4406
4401
4396
4391
4386
4381
4376
4371
4366
4362
4357
4352
4347
4342
4337
4332
4327
4322
4318
4313
4308
4303
4298
4293
4288
4283
4279
4274
4269
4264
4259
4254
4249
4244
4239
4235
4230
4225
4220
4215
4210
4205
4200
4195
4191
4186
4181
4176
4171
4166
4161
4156
4152
4147
4142
4137
4132
4127
4122
4117
4112
4108
4103
4098
4093
4088
4083
4078
4073
4068
4064
4059
4054
4049
4044
4039
4034
4029
4025
4020
4015
4010
4005
4000
3995
3990
3985
3981
3976
3971
3966
3961
3956
3951
3946
3941
3937
3932
3927
3922
3917
3912
3907
3902
3897
3893
3888
3883
3878
3873
3868
3863
3858
3854
3849
3844
3839
3834
3829
3824
3819
3814
3810
3805
3800
3795
3790
3785
3780
3775
3770
3766
3761
3756
3751
3746
3741
3736
3731
3727
3722
3717
3712
3707
3702
3697
3692
3687
3683
3678
3673
3668
3663
3658
3653
3648
3643
3639
3634
3629
3624
3619
3614
3609
3604
3600
3595
3590
3585
3580
3575
3570
3565
3560
3556
3551
3546
3541
3536
3531
3526
3521
3516
3512
3507
3502
3497
3492
3487
3482
3477
3473
3468
3463
3458
3453
3448
3443
3438
3433
3429
3424
3419
3414
3409
3404
3399
3394
3389
3385
3380
3375
3370
3365
3360
3355
3350
3346
3341
3336
3331
3326
3321
3316
3311
3306
3302
3297
3292
3287
3282
3277
3272
3267
3262
3258
3253
3248
3243
3238
3233
3228
3223
3219
3214
3209
3204
3199
3194
3189
3184
3179
3175
3170
3165
3160
3155
3150
3145
3140
3135
3131
3126
3121
3116
3111
3106
3101
3096
3092
3087
3082
3077
3072
3067
3062
3057
3052
3048
3043
3038
3033
3028
3023
3018
3013
3008
3004
2999
2994
2989
2984
2979
2974
2969
2965
2960
2955
2950
2945
2940
2935
2930
2925
2921
2916
2911
2906
2901
2896
2891
2886
2881
2877
2872
2867
2862
2857
2852
2847
2842
2838
2833
2828
2823
2818
2813
2808
2803
2798
2794
2789
2784
2779
2774
2769
2764
2759
2754
2750
2745
2740
2735
2730
2725
2720
2715
2711
2706
2701
2696
2691
2686
2681
2676
2671
2667
2662
2657
2652
2647
2642
2637
2632
2627
2623
2618
2613
2608
2603
2598
2593
2588
2584
2579
2574
2569
2564
2559
2554
2549
2544
2540
2535
2530
2525
2520
2515
2510
2505
2500
2496
2491
2486
2481
2476
2471
2466
2461
2457
2452
2447
2442
2437
2432
2427
2422
2417
2413
2408
2403
2398
2393
2388
2383
2378
2373
2369
2364
2359
2354
2349
2344
2339
2334
2330
2325
2320
2315
2310
2305
2300
2295
2290
2286
2281
2276
2271
2266
2261
2256
2251
2246
2242
2237
2232
2227
2222
2217
2212
2207
2203
2198
2193
2188
2183
2178
2173
2168
2163
2159
2154
2149
2144
2139
2134
2129
2124
2119
2115
2110
2105
2100
2095
2090
2085
2080
2076
2071
2066
2061
2056
2051
2046
2041
2036
2032
2027
2022
2017
2012
2007
2002
1997
1992
1988
1983
1978
1973
1968
1963
1958
1953
1948
1944
1939
1934
1929
1924
1919
1914
1909
1905
1900
1895
1890
1885
1880
1875
1870
1865
1861
1856
1851
1846
1841
1836
1831
1826
1821
1817
1812
1807
1802
1797
1792
1787
1782
1778
1773
1768
1763
1758
1753
1748
1743
1738
1734
1729
1724
1719
1714
1709
1704
1699
1694
1690
1685
1680
1675
1670
1665
1660
1655
1651
1646
1641
1636
1631
1626
1621
1616
1611
1607
1602
1597
1592
1587
1582
1577
1572
1567
1563
1558
1553
1548
1543
1538
1533
1528
1524
1519
1514
1509
1504
1499
1494
1489
1484
1480
1475
1470
1465
1460
1455
1450
1445
1440
1436
1431
1426
1421
1416
1411
1406
1401
1397
1392
1387
1382
1377
1372
1367
1362
1357
1353
1348
1343
1338
1333
1328
1323
1318
1313
1309
1304
1299
1294
1289
1284
1279
1274
1270
1265
1260
1255
1250
1245
1240
1235
1230
1226
1221
1216
1211
1206
1201
1196
1191
1186
1182
1177
1172
1167
1162
1157
1152
1147
1143
1138
1133
1128
1123
1118
1113
1108
1103
1099
1094
1089
1084
1079
1074
1069
1064
1059
1055
1050
1045
1040
1035
1030
1025
1020
1016
1011
1006
1001
996
991
986
981
976
972
967
962
957
952
947
942
937
932
928
923
918
913
908
903
898
893
889
884
879
874
869
864
859
854
849
845
840
835
830
825
820
815
810
805
801
796
791
786
781
776
771
766
762
757
752
747
742
737
732
727
722
718
713
708
703
698
693
688
683
678
674
669
664
659
654
649
644
639
635
630
625
620
615
610
605
600
595
591
586
581
576
571
566
561
556
551
547
542
537
532
527
522
517
512
508
503
498
493
488
483
478
473
468
464
459
454
449
444
439
434
429
424
420
415
410
405
400
395
390
385
381
376
371
366
361
356
351
346
341
337
332
327
322
317
312
307
302
297
293
288
283
278
273
268
263
258
254
249
244
239
234
229
224
219
214
210
205
200
195
190
185
180
175
170
166
161
156
151
146
141
136
131
127
122
117
112
107
102
97
92
87
83
78
73
68
63
58
53
48
43
39
34
29
24
19
14
9
4
0
